rtcDate,aX,aY,aZ,imu_degC,output_Hz,
29/03/2023,-873.54,203.61,-460.94,25.79,333.33,
29/03/2023,-866.70,208.01,-449.71,25.98,37.04,
29/03/2023,-868.65,221.68,-455.08,25.50,28.85,
29/03/2023,-873.05,206.54,-440.92,25.94,25.97,
29/03/2023,-864.75,213.87,-450.20,25.84,24.51,
29/03/2023,-865.23,202.15,-447.75,25.94,23.62,
29/03/2023,-879.39,222.66,-446.29,25.74,23.03,
29/03/2023,-860.84,224.12,-454.59,25.98,22.60,
29/03/2023,-867.19,210.45,-454.10,26.03,22.28,
29/03/2023,-869.63,206.05,-454.59,25.84,22.03,
29/03/2023,-868.16,211.91,-446.78,25.79,21.83,
29/03/2023,-871.09,206.05,-444.34,25.94,21.66,
29/03/2023,-871.09,209.96,-450.68,25.94,21.52,
29/03/2023,-863.77,220.70,-447.75,25.94,21.41,
29/03/2023,-871.09,201.66,-459.96,25.98,21.31,
29/03/2023,-869.14,216.31,-450.68,25.94,21.22,
29/03/2023,-859.38,209.96,-442.38,25.94,21.14,
29/03/2023,-862.79,221.19,-445.31,26.03,21.08,
29/03/2023,-868.16,205.57,-455.08,25.98,21.02,
29/03/2023,-857.42,213.87,-448.24,25.94,20.96,
29/03/2023,-865.23,216.31,-453.61,25.94,20.92,
29/03/2023,-875.98,212.89,-434.57,26.18,20.87,
29/03/2023,-863.77,206.54,-449.22,26.18,20.83,
29/03/2023,-871.58,212.40,-458.01,26.03,20.80,
29/03/2023,-873.05,205.57,-450.68,26.13,20.76,
29/03/2023,-855.96,233.40,-454.59,25.98,20.73,
29/03/2023,-868.16,220.21,-444.34,26.18,20.71,
29/03/2023,-868.65,214.36,-441.41,25.98,20.68,
29/03/2023,-878.42,225.10,-454.10,25.94,20.66,
29/03/2023,-866.21,212.40,-452.64,26.32,20.63,
29/03/2023,-868.16,228.52,-438.96,26.13,20.61,
29/03/2023,-857.91,220.21,-435.06,25.94,20.59,
29/03/2023,-863.28,208.50,-448.24,25.98,20.56,
29/03/2023,-866.21,222.66,-442.38,25.98,20.54,
29/03/2023,-874.51,209.96,-448.24,25.94,20.53,
29/03/2023,-863.28,209.47,-449.22,25.98,20.51,
29/03/2023,-852.05,231.93,-446.29,26.03,20.50,
29/03/2023,-856.45,209.96,-445.31,26.03,20.49,
29/03/2023,-863.77,210.45,-442.87,25.98,20.47,
29/03/2023,-862.30,200.20,-449.71,25.98,20.46,
29/03/2023,-858.89,212.40,-440.92,26.18,20.45,
29/03/2023,-865.23,220.70,-453.12,25.94,20.44,
29/03/2023,-865.72,210.94,-457.03,26.32,20.43,
29/03/2023,-880.86,224.61,-440.92,26.03,20.42,
29/03/2023,-849.61,218.75,-438.96,26.03,20.41,
29/03/2023,-871.09,220.70,-444.34,25.84,20.40,
29/03/2023,-867.68,210.45,-450.20,26.13,20.39,
29/03/2023,-860.35,213.38,-439.45,26.03,20.38,
29/03/2023,-866.21,213.87,-453.12,26.37,20.37,
29/03/2023,-864.26,206.54,-446.78,26.18,20.37,
29/03/2023,-858.40,216.31,-450.68,25.94,20.36,
29/03/2023,-843.26,212.40,-440.92,26.13,20.35,
29/03/2023,-862.79,221.68,-434.57,25.94,20.35,
29/03/2023,-860.84,217.29,-444.82,25.98,20.34,
29/03/2023,-871.09,215.33,-445.31,25.79,20.33,
29/03/2023,-866.70,217.29,-453.12,26.13,20.33,
29/03/2023,-864.26,211.43,-453.12,26.27,20.32,
29/03/2023,-877.93,203.12,-451.17,26.03,20.32,
29/03/2023,-857.91,207.52,-447.27,25.98,20.31,
29/03/2023,-872.56,212.89,-453.61,26.03,20.30,
29/03/2023,-875.98,215.82,-445.31,26.27,20.30,
29/03/2023,-859.86,216.31,-453.61,26.13,20.29,
29/03/2023,-875.49,223.14,-444.82,26.03,20.29,
29/03/2023,-866.70,216.31,-445.80,25.74,20.29,
29/03/2023,-864.26,216.31,-435.06,26.18,20.28,
29/03/2023,-864.26,216.80,-449.22,26.13,20.28,
29/03/2023,-874.02,205.57,-447.27,26.18,20.27,
29/03/2023,-871.58,209.47,-454.59,26.03,20.27,
29/03/2023,-880.86,205.08,-458.01,26.13,20.26,
29/03/2023,-871.58,222.17,-441.41,26.13,20.26,
29/03/2023,-866.21,204.59,-451.66,26.03,20.26,
29/03/2023,-846.68,215.33,-454.59,26.27,20.25,
29/03/2023,-860.84,208.50,-444.34,26.18,20.25,
29/03/2023,-875.00,217.77,-451.66,26.03,20.25,
29/03/2023,-862.79,210.45,-452.15,26.32,20.24,
29/03/2023,-854.49,212.89,-441.89,25.94,20.24,
29/03/2023,-862.30,213.87,-447.75,25.98,20.24,
29/03/2023,-865.23,220.70,-445.80,26.18,20.23,
29/03/2023,-873.05,210.45,-441.41,26.27,20.23,
29/03/2023,-878.42,208.98,-443.36,25.94,20.23,
29/03/2023,-867.19,214.84,-445.80,25.79,20.22,
29/03/2023,-870.12,210.94,-445.31,26.32,20.22,
29/03/2023,-861.33,215.82,-444.82,26.18,20.22,
29/03/2023,-864.26,229.00,-451.17,26.13,20.22,
29/03/2023,-865.23,207.52,-442.87,26.18,20.21,
29/03/2023,-860.35,216.80,-451.66,25.79,20.21,
29/03/2023,-853.52,213.38,-458.50,25.98,20.21,
29/03/2023,-870.12,205.08,-450.68,26.32,20.21,
29/03/2023,-857.42,210.45,-448.24,26.03,20.20,
29/03/2023,-861.33,208.50,-436.52,25.94,20.20,
29/03/2023,-863.77,201.66,-440.43,26.27,20.20,
29/03/2023,-859.38,207.03,-437.01,26.18,20.20,
29/03/2023,-874.02,219.24,-446.78,26.03,20.20,
29/03/2023,-868.16,216.31,-448.24,26.13,20.19,
29/03/2023,-870.12,215.33,-448.73,25.79,20.19,
29/03/2023,-864.26,216.31,-443.36,26.18,20.19,
29/03/2023,-867.68,221.68,-437.50,26.27,20.19,
29/03/2023,-869.14,212.89,-441.41,26.32,20.19,
29/03/2023,-865.72,216.80,-432.13,25.94,20.18,
29/03/2023,-860.35,217.77,-442.38,26.27,20.18,
29/03/2023,-860.84,211.43,-446.29,26.13,20.18,
29/03/2023,-867.68,213.38,-437.50,26.27,20.18,
29/03/2023,-865.72,206.54,-442.87,25.98,20.18,
29/03/2023,-864.26,212.40,-463.87,26.03,20.17,
29/03/2023,-862.30,207.52,-453.61,25.94,20.17,
29/03/2023,-860.84,225.10,-445.80,26.32,20.17,
29/03/2023,-863.77,215.82,-445.80,26.18,20.17,
29/03/2023,-864.75,223.14,-450.20,25.74,20.17,
29/03/2023,-874.02,208.98,-457.03,26.18,20.17,
29/03/2023,-871.09,203.61,-448.24,26.27,20.16,
29/03/2023,-854.00,212.89,-446.78,26.13,20.16,
29/03/2023,-869.63,197.75,-430.18,25.98,20.16,
29/03/2023,-865.23,204.10,-452.15,26.18,20.16,
29/03/2023,-863.77,205.08,-437.50,26.37,20.16,
29/03/2023,-865.72,207.52,-442.87,26.18,20.16,
29/03/2023,-857.42,212.40,-457.52,25.84,20.16,
29/03/2023,-861.33,195.80,-458.50,25.98,20.16,
29/03/2023,-864.75,218.75,-451.17,26.03,20.15,
29/03/2023,-871.58,205.08,-442.38,26.18,20.15,
29/03/2023,-862.79,203.12,-445.31,26.18,20.15,
29/03/2023,-877.44,215.33,-443.36,25.98,20.15,
29/03/2023,-864.75,202.15,-447.75,25.98,20.15,
29/03/2023,-854.00,210.94,-447.27,26.13,20.15,
29/03/2023,-866.21,194.34,-444.34,25.98,20.15,
29/03/2023,-858.89,215.82,-434.57,26.03,20.15,
29/03/2023,-874.51,232.42,-443.85,26.18,20.14,
29/03/2023,-854.49,216.31,-449.71,26.18,20.14,
29/03/2023,-866.70,208.50,-452.15,26.32,20.14,
29/03/2023,-870.12,228.52,-450.20,25.98,20.14,
29/03/2023,-875.98,212.89,-453.61,25.98,20.14,
29/03/2023,-859.86,221.19,-452.64,26.32,20.14,
29/03/2023,-868.65,214.36,-447.75,25.98,20.14,
29/03/2023,-846.19,209.47,-427.73,25.94,20.14,
29/03/2023,-879.88,217.29,-437.50,25.98,20.14,
29/03/2023,-873.54,206.54,-448.73,26.13,20.13,
29/03/2023,-861.33,216.31,-438.96,26.13,20.13,
29/03/2023,-865.72,212.40,-440.92,26.18,20.13,
29/03/2023,-852.54,308.11,-230.47,25.94,20.13,
29/03/2023,-917.48,87.89,-231.45,26.37,20.13,
29/03/2023,-592.77,10.74,-354.00,26.03,20.13,
29/03/2023,-1855.47,-541.50,-2000.00,26.18,20.13,
29/03/2023,-1075.68,-15.62,-1394.53,26.18,20.13,
29/03/2023,-1219.73,-351.56,-1309.57,26.27,20.13,
29/03/2023,-1141.60,573.73,-1060.06,26.18,20.13,
29/03/2023,-1626.46,295.90,-1337.89,26.37,20.12,
29/03/2023,-1140.62,77.64,-1612.79,26.32,20.12,
29/03/2023,-175.78,-97.66,-1036.62,25.98,20.12,
29/03/2023,-1190.92,-371.58,-878.42,26.27,20.12,
29/03/2023,37.60,-41.02,-643.55,26.18,20.12,
29/03/2023,-467.29,63.48,-489.26,26.32,20.12,
29/03/2023,-506.35,-206.05,-525.39,25.84,20.12,
29/03/2023,202.64,270.02,-730.96,26.13,20.12,
29/03/2023,-413.09,-54.69,-811.52,26.18,20.12,
29/03/2023,153.32,144.53,-718.75,26.37,20.12,
29/03/2023,-260.25,49.32,-774.41,25.98,20.12,
29/03/2023,-21.48,144.04,-833.01,26.18,20.12,
29/03/2023,-469.73,-39.55,-1054.69,26.27,20.12,
29/03/2023,-78.12,117.19,-871.58,26.18,20.11,
29/03/2023,-436.04,-0.49,-957.03,25.94,20.11,
29/03/2023,-140.14,54.69,-965.82,26.13,20.11,
29/03/2023,-301.76,-29.30,-969.24,26.18,20.11,
29/03/2023,-160.16,14.65,-941.41,26.27,20.11,
29/03/2023,-295.90,-23.93,-938.96,25.84,20.11,
29/03/2023,-180.18,53.22,-943.85,26.18,20.11,
29/03/2023,-356.45,-24.90,-968.26,26.27,20.11,
29/03/2023,-219.73,62.50,-973.14,26.18,20.11,
29/03/2023,-306.15,-32.23,-927.25,26.13,20.11,
29/03/2023,-273.93,-10.25,-889.16,25.98,20.11,
29/03/2023,-293.46,-46.39,-922.36,26.18,20.10,
29/03/2023,-270.51,-20.02,-932.13,25.98,20.10,
29/03/2023,-266.11,-39.06,-955.57,26.18,20.10,
29/03/2023,-371.09,-41.99,-945.31,26.03,20.10,
29/03/2023,-226.07,0.49,-959.47,26.13,20.10,
29/03/2023,-318.85,-24.90,-956.05,26.27,20.10,
29/03/2023,-256.35,-11.72,-1001.95,26.18,20.10,
29/03/2023,-273.93,-34.18,-923.34,25.98,20.10,
29/03/2023,-207.52,-15.62,-953.61,25.98,20.10,
29/03/2023,-300.29,-41.50,-977.54,26.32,20.10,
29/03/2023,-200.68,2.93,-967.29,26.27,20.10,
29/03/2023,-278.32,-32.71,-976.07,25.98,20.10,
29/03/2023,-208.01,-27.83,-979.49,26.32,20.10,
29/03/2023,-247.07,-34.18,-941.89,26.13,20.10,
29/03/2023,-211.43,-52.25,-907.71,26.32,20.10,
29/03/2023,-230.96,-23.44,-998.05,26.03,20.10,
29/03/2023,-281.25,-40.04,-963.87,25.98,20.10,
29/03/2023,-210.45,-27.34,-963.87,26.13,20.10,
29/03/2023,-232.42,-22.46,-934.08,26.37,20.09,
29/03/2023,-220.70,-17.58,-964.84,26.18,20.09,
29/03/2023,-217.29,-12.70,-960.45,25.94,20.09,
29/03/2023,-235.84,-25.88,-983.89,25.98,20.09,
29/03/2023,-242.19,-42.97,-965.82,26.18,20.09,
29/03/2023,-188.96,-35.16,-944.82,26.27,20.09,
29/03/2023,-187.01,-25.88,-933.11,25.94,20.09,
29/03/2023,-218.75,-20.51,-947.75,26.27,20.09,
29/03/2023,-278.81,-28.81,-984.38,26.32,20.09,
29/03/2023,-238.28,0.00,-942.38,26.13,20.09,
29/03/2023,-205.08,20.51,-953.61,25.98,20.09,
29/03/2023,-172.36,17.09,-1000.98,26.18,20.09,
29/03/2023,-254.39,-20.51,-1004.39,25.98,20.09,
29/03/2023,-213.87,25.39,-998.05,26.18,20.09,
29/03/2023,-247.07,-8.79,-954.59,25.98,20.09,
29/03/2023,-169.43,4.88,-958.98,26.18,20.09,
29/03/2023,-217.29,-22.95,-960.45,26.32,20.09,
29/03/2023,-239.26,-14.65,-930.66,26.13,20.09,
29/03/2023,-239.75,-13.67,-958.01,25.94,20.09,
29/03/2023,-234.38,13.18,-985.35,25.98,20.09,
29/03/2023,-217.77,34.67,-958.98,26.18,20.09,
29/03/2023,-216.31,15.14,-1003.42,26.27,20.08,
29/03/2023,-230.96,-7.32,-953.61,26.18,20.08,
29/03/2023,-255.86,-3.91,-956.54,26.03,20.08,
29/03/2023,-200.20,-0.49,-965.33,26.18,20.08,
29/03/2023,-270.51,-25.88,-983.89,26.18,20.08,
29/03/2023,-184.57,-1.95,-916.02,25.98,20.08,
29/03/2023,-253.42,-5.37,-945.31,26.03,20.08,
29/03/2023,-173.34,27.83,-952.64,26.18,20.08,
29/03/2023,-267.58,-16.60,-999.51,26.37,20.08,
29/03/2023,-210.45,-4.88,-987.30,26.18,20.08,
29/03/2023,-220.21,34.18,-1067.38,26.27,20.08,
29/03/2023,-684.08,105.47,-1923.34,25.94,20.08,
29/03/2023,-448.73,94.24,-1104.00,26.32,20.08,
29/03/2023,-459.96,54.69,-1042.97,26.18,20.08,
29/03/2023,78.61,-376.46,45.41,25.98,20.08,
29/03/2023,896.97,-635.25,879.39,25.94,20.08,
29/03/2023,544.92,-422.36,1254.39,26.03,20.08,
29/03/2023,27.83,782.23,-163.09,26.13,20.08,
29/03/2023,-1442.87,300.78,-2000.00,25.98,20.08,
29/03/2023,-722.17,580.57,-2000.00,25.79,20.08,
29/03/2023,-1196.78,495.61,-2000.00,26.18,20.08,
29/03/2023,-818.36,387.21,-1770.51,26.32,20.08,
29/03/2023,-628.42,346.19,-878.42,26.18,20.08,
29/03/2023,-204.10,-137.70,-350.59,25.98,20.08,
29/03/2023,618.16,-411.62,846.19,26.13,20.08,
29/03/2023,1009.28,-471.68,1146.97,26.27,20.08,
29/03/2023,416.50,276.37,30.27,26.18,20.08,
29/03/2023,-1803.22,-367.68,-1976.07,26.27,20.08,
29/03/2023,-125.49,141.60,-1211.43,25.94,20.07,
29/03/2023,-572.27,-179.20,-1322.27,26.03,20.07,
29/03/2023,-462.89,-210.45,-706.05,26.18,20.07,
29/03/2023,-1221.68,-320.80,-522.95,25.98,20.07,
29/03/2023,-683.59,397.46,-1469.24,25.79,20.07,
29/03/2023,163.57,528.32,-564.94,26.13,20.07,
29/03/2023,-151.86,374.51,-1060.55,26.13,20.07,
29/03/2023,671.88,609.86,-477.54,26.13,20.07,
29/03/2023,543.95,731.93,-1150.88,25.84,20.07,
29/03/2023,1412.60,1178.22,-742.68,26.18,20.07,
29/03/2023,1402.34,1585.94,-778.32,26.13,20.07,
29/03/2023,-1730.47,-117.19,-402.34,26.32,20.07,
29/03/2023,-1322.75,-212.40,-433.11,26.13,20.07,
29/03/2023,-1074.22,-446.78,-503.42,26.18,20.07,
29/03/2023,-1022.95,-348.63,-717.77,26.32,20.07,
29/03/2023,-1142.09,-428.22,-542.97,25.98,20.07,
29/03/2023,-2000.00,636.72,-2000.00,26.27,20.07,
29/03/2023,-89.84,838.87,-1603.03,25.94,20.07,
29/03/2023,702.64,421.88,-512.21,25.98,20.07,
29/03/2023,758.30,552.73,-631.35,26.13,20.07,
29/03/2023,977.05,2.44,772.95,26.18,20.07,
29/03/2023,902.34,-346.19,1316.41,25.98,20.07,
29/03/2023,-132.81,-581.54,1019.53,25.94,20.07,
29/03/2023,-1501.46,-1079.10,288.09,26.27,20.07,
29/03/2023,-1055.18,-1221.68,-159.18,26.03,20.07,
29/03/2023,-194.82,-1222.66,603.52,26.13,20.07,
29/03/2023,-524.41,-1273.44,1057.62,26.18,20.07,
29/03/2023,768.07,-627.93,1221.68,26.27,20.07,
29/03/2023,502.93,-25.88,308.59,26.13,20.07,
29/03/2023,-145.51,380.86,-1523.93,26.03,20.07,
29/03/2023,-269.53,272.95,30.27,25.94,20.07,
29/03/2023,707.03,778.81,-2000.00,25.94,20.07,
29/03/2023,-914.06,-41.02,-1766.11,25.98,20.07,
29/03/2023,-58.59,240.72,-1017.58,26.18,20.07,
29/03/2023,-650.39,-46.39,-1234.38,25.84,20.07,
29/03/2023,-16.11,345.70,-1466.31,26.03,20.07,
29/03/2023,-1098.14,-152.83,-927.25,25.98,20.06,
29/03/2023,602.54,621.09,-1495.61,26.03,20.06,
29/03/2023,490.23,182.62,-1044.92,26.13,20.06,
29/03/2023,-216.31,-1058.11,754.39,26.18,20.06,
29/03/2023,390.14,-875.49,380.37,26.27,20.06,
29/03/2023,-14.16,-901.86,335.94,26.32,20.06,
29/03/2023,936.52,28.81,255.37,26.03,20.06,
29/03/2023,-662.11,361.82,-2000.00,26.03,20.06,
29/03/2023,-769.53,-150.39,-1749.02,26.13,20.06,
29/03/2023,-500.00,-98.14,-687.01,25.94,20.06,
29/03/2023,-477.54,-168.46,-1005.37,25.98,20.06,
29/03/2023,164.06,-47.85,-538.09,25.98,20.06,
29/03/2023,-555.18,-186.52,-1175.29,26.27,20.06,
29/03/2023,49.80,93.26,-951.17,26.13,20.06,
29/03/2023,-324.22,-31.74,-1245.61,26.03,20.06,
29/03/2023,136.72,94.24,-1070.80,25.84,20.06,
29/03/2023,-316.41,-236.82,-785.16,26.27,20.06,
29/03/2023,32.23,-76.66,-958.01,26.03,20.06,
29/03/2023,-193.85,-183.59,-848.63,26.13,20.06,
29/03/2023,21.97,-89.36,-882.81,26.18,20.06,
29/03/2023,-83.01,-73.24,-1016.11,26.03,20.06,
29/03/2023,-137.70,-79.10,-1007.32,25.98,20.06,
29/03/2023,-102.54,-37.11,-976.07,25.98,20.06,
29/03/2023,-178.22,-63.48,-957.52,26.18,20.06,
29/03/2023,-199.71,-45.90,-1054.69,25.94,20.06,
29/03/2023,-148.93,-75.20,-967.77,26.03,20.06,
29/03/2023,-130.86,-62.01,-958.50,26.27,20.06,
29/03/2023,-124.02,-52.73,-1008.79,26.03,20.06,
29/03/2023,-172.36,-41.02,-983.89,25.94,20.06,
29/03/2023,-200.20,-74.71,-968.26,26.13,20.06,
29/03/2023,-100.59,-26.37,-979.00,26.18,20.06,
29/03/2023,-148.93,-78.12,-934.08,26.03,20.06,
29/03/2023,-106.45,-39.55,-977.05,26.13,20.06,
29/03/2023,-180.66,-63.48,-970.21,25.98,20.06,
29/03/2023,-131.35,-49.80,-950.20,26.13,20.06,
29/03/2023,-169.92,-86.91,-959.47,26.18,20.06,
29/03/2023,-165.53,-52.25,-908.69,26.13,20.06,
29/03/2023,-132.32,-28.32,-964.84,26.03,20.06,
29/03/2023,-205.08,-42.97,-1024.41,26.18,20.06,
29/03/2023,-162.60,-29.30,-1011.23,26.32,20.06,
29/03/2023,-170.90,-40.53,-977.05,26.13,20.06,
29/03/2023,-186.52,-64.94,-1045.41,25.98,20.06,
29/03/2023,-220.21,-161.13,-937.01,26.03,20.05,
29/03/2023,34.18,-125.00,-849.12,26.03,20.05,
29/03/2023,-222.66,-204.10,-831.54,26.18,20.05,
29/03/2023,-43.46,-177.73,-892.58,26.13,20.05,
29/03/2023,21.00,-24.90,-944.82,25.74,20.05,
29/03/2023,-380.37,-117.19,-1062.01,26.18,20.05,
29/03/2023,266.60,142.58,-1016.11,26.18,20.05,
29/03/2023,-231.45,-20.02,-1057.13,25.98,20.05,
29/03/2023,96.19,89.84,-904.30,25.98,20.05,
29/03/2023,-150.88,-8.30,-1083.98,26.03,20.05,
29/03/2023,152.34,85.94,-875.98,26.27,20.05,
29/03/2023,-25.39,41.99,-1140.14,26.03,20.05,
29/03/2023,28.81,3.91,-916.02,25.79,20.05,
29/03/2023,85.94,-26.86,-931.15,25.94,20.05,
29/03/2023,51.76,-4.39,-935.06,26.13,20.05,
29/03/2023,-19.53,33.69,-843.26,26.27,20.05,
29/03/2023,96.68,125.98,-1038.09,26.03,20.05,
29/03/2023,-41.99,117.19,-1000.98,26.27,20.05,
29/03/2023,-140.62,47.36,-1105.47,26.18,20.05,
29/03/2023,36.13,126.46,-1049.80,26.32,20.05,
29/03/2023,-28.32,61.04,-920.90,26.18,20.05,
29/03/2023,-65.43,38.57,-950.68,26.03,20.05,
29/03/2023,-127.93,-21.97,-975.10,26.13,20.05,
29/03/2023,-103.52,-25.88,-917.97,26.13,20.05,
29/03/2023,186.52,89.84,-1224.61,26.13,20.05,
29/03/2023,-130.86,-0.49,-870.12,26.03,20.05,
29/03/2023,67.38,37.60,-957.52,25.98,20.05,
29/03/2023,-25.39,-47.36,-1051.27,25.98,20.05,
29/03/2023,-109.86,4.88,-973.63,26.13,20.05,
29/03/2023,-50.78,-35.64,-971.19,25.94,20.05,
29/03/2023,-94.24,-30.27,-974.12,26.03,20.05,
29/03/2023,-40.53,-112.79,-1034.18,26.32,20.05,
29/03/2023,-24.90,-75.68,-984.38,26.18,20.05,
29/03/2023,17.09,-58.59,-881.35,26.13,20.05,
29/03/2023,33.20,-135.25,-1065.43,26.03,20.05,
29/03/2023,1.95,-116.21,-920.41,26.13,20.05,
29/03/2023,34.18,-208.98,-1022.46,26.32,20.05,
29/03/2023,98.14,-116.70,-849.12,26.13,20.05,
29/03/2023,136.72,-82.52,-994.63,26.03,20.05,
29/03/2023,117.68,0.98,-1005.86,26.18,20.05,
29/03/2023,83.98,-117.19,-1058.59,26.18,20.05,
29/03/2023,67.87,-194.34,-1030.27,26.46,20.05,
29/03/2023,93.26,-174.80,-922.36,26.13,20.05,
29/03/2023,121.09,-176.76,-1057.13,26.18,20.05,
29/03/2023,121.58,-155.27,-984.86,26.32,20.05,
29/03/2023,93.75,-135.25,-980.96,25.98,20.05,
