rtcDate,aX,aY,aZ,gX,gY,gZ,mX,mY,mZ,imu_degC,output_Hz,
01/01/2000,-116.70,-108.89,-975.59,-0.07,-3.06,-0.63,-56.55,19.65,-59.10,25.50,250.00,
01/01/2000,-112.30,-112.30,-978.52,-1.38,-0.31,-0.05,-56.40,20.25,-58.20,25.74,19.23,
01/01/2000,-113.28,-102.05,-984.38,-0.90,-3.56,2.71,-57.30,20.40,-60.30,25.65,14.71,
01/01/2000,-115.23,-94.73,-983.40,0.85,-1.62,1.42,-58.05,21.15,-57.75,25.84,13.16,
01/01/2000,-103.03,-104.49,-970.70,0.12,-2.74,-0.85,-57.15,20.25,-58.20,25.79,12.38,
01/01/2000,-111.33,-102.05,-988.28,1.81,-2.21,0.38,-57.15,20.55,-58.95,25.65,11.90,
01/01/2000,-118.16,-98.14,-966.80,-3.37,1.93,-0.53,-57.15,21.45,-58.65,25.84,11.59,
01/01/2000,-105.47,-100.59,-978.03,-1.27,-1.91,-1.21,-56.10,20.55,-59.40,25.65,11.36,
01/01/2000,-118.65,-99.61,-988.28,-1.04,-0.31,-0.95,-56.70,20.25,-58.65,26.03,11.19,
01/01/2000,-127.93,-92.29,-982.42,-2.40,3.37,-2.04,-58.20,20.25,-58.20,25.98,11.06,
01/01/2000,-105.47,-97.66,-973.14,2.16,-3.72,0.61,-57.15,20.25,-55.35,25.79,333.33,
01/01/2000,-122.56,-93.75,-965.82,1.05,-1.94,-0.14,-57.00,21.15,-57.75,26.13,19.42,
01/01/2000,-114.26,-89.84,-974.61,-0.45,-2.73,0.01,-58.95,20.55,-56.85,25.94,14.78,
01/01/2000,-113.77,-94.24,-963.38,0.45,-0.50,3.18,-57.30,19.65,-57.30,26.27,13.20,
01/01/2000,-103.52,-85.45,-975.59,-0.90,-2.94,-0.31,-56.70,21.00,-57.15,26.27,12.41,
01/01/2000,-113.28,-109.86,-979.00,-0.34,0.15,-2.23,-57.75,20.40,-57.30,26.27,11.93,
01/01/2000,-123.54,-102.05,-980.47,-0.84,-3.35,-0.50,-57.30,20.85,-56.55,26.03,11.61,
01/01/2000,-119.63,-94.73,-954.59,-1.24,-1.49,-1.05,-57.00,20.10,-56.55,25.84,11.38,
01/01/2000,-107.91,-83.98,-977.54,-0.32,0.49,-1.92,-56.70,20.55,-57.15,26.27,11.21,
01/01/2000,-120.61,-102.05,-958.50,-1.35,0.27,-2.61,-57.90,21.00,-58.95,26.13,11.07,
01/01/2000,-119.63,-86.91,-972.66,-0.06,-3.26,0.03,-57.90,19.80,-58.65,26.18,10.97,
01/01/2000,-123.54,-98.14,-973.63,0.94,-3.08,1.76,-57.90,19.50,-56.10,26.03,10.88,
01/01/2000,-120.12,-85.94,-970.21,0.58,-2.52,1.53,-56.10,21.75,-58.20,26.13,10.81,
01/01/2000,-112.79,-104.00,-974.12,-1.10,-1.47,0.80,-58.05,20.40,-58.50,26.18,10.74,
01/01/2000,-124.02,-103.03,-977.54,0.37,-4.03,1.58,-57.90,19.50,-57.90,25.94,10.69,
01/01/2000,-120.61,-97.66,-980.47,-2.95,1.16,-0.80,-56.10,20.55,-57.90,26.13,10.65,
01/01/2000,-102.54,-98.14,-966.80,-1.02,-3.00,-1.10,-58.20,20.25,-57.45,25.79,10.61,
01/01/2000,-117.19,-96.68,-976.07,-4.12,-0.51,-0.18,-57.15,21.75,-58.20,25.98,10.57,
01/01/2000,-122.56,-105.96,-989.75,-1.62,-0.58,0.15,-57.45,19.50,-57.15,26.18,10.54,
01/01/2000,-111.33,-100.10,-965.82,-1.15,1.43,-2.46,-57.30,20.40,-58.80,26.27,10.51,
01/01/2000,-136.23,-87.89,-976.07,-1.50,-0.38,-1.18,-57.30,21.15,-57.75,25.98,10.48,
01/01/2000,-115.23,-104.49,-969.24,0.54,-0.77,0.79,-56.55,19.20,-58.05,26.27,10.46,
01/01/2000,-125.00,-92.29,-974.12,-0.99,-4.27,-0.21,-57.75,20.40,-58.50,26.13,10.44,
01/01/2000,-117.19,-100.59,-978.03,0.53,-3.02,-0.59,-56.10,21.45,-58.65,25.79,10.42,
01/01/2000,-115.72,-101.56,-977.05,-0.31,-1.60,2.24,-57.90,19.50,-57.90,26.37,10.40,
01/01/2000,-116.21,-100.10,-961.43,-1.42,-2.41,1.06,-57.45,20.55,-57.90,26.03,10.38,
01/01/2000,-104.49,-96.68,-974.61,-1.05,-3.95,-2.98,-57.15,20.55,-57.15,26.13,10.37,
01/01/2000,-115.72,-109.38,-962.89,-1.05,-0.12,-1.44,-56.40,20.55,-57.15,26.18,10.36,
01/01/2000,-130.86,-104.98,-972.17,-2.95,1.58,1.33,-56.25,20.40,-58.05,26.32,10.34,
01/01/2000,-116.70,-100.10,-975.10,-1.37,0.44,-1.17,-56.70,21.00,-57.90,25.98,10.33,
01/01/2000,-126.95,-101.07,-970.70,-1.84,-0.76,-1.35,-56.70,21.00,-57.45,26.03,10.32,
01/01/2000,-104.49,-94.24,-966.31,0.56,-3.57,1.12,-58.05,19.20,-58.80,26.03,10.31,
01/01/2000,-117.68,-96.68,-968.26,-0.76,-3.44,1.08,-56.55,20.40,-57.75,25.94,10.30,
01/01/2000,-119.63,-89.84,-966.31,-0.53,-2.96,0.21,-58.50,20.10,-58.80,26.13,10.29,
01/01/2000,-95.21,-88.87,-980.96,-0.44,-1.14,1.12,-57.45,19.80,-57.45,26.18,333.33,
01/01/2000,-121.58,-89.84,-968.75,0.89,-2.76,-0.17,-55.50,21.60,-57.30,25.74,19.42,
01/01/2000,-118.65,-84.47,-981.45,-1.34,-3.56,0.69,-57.45,19.80,-58.20,26.18,14.78,
01/01/2000,-88.87,-89.36,-967.77,0.65,-0.94,0.24,-57.75,20.10,-58.80,26.18,13.20,
01/01/2000,-98.14,-101.56,-967.29,-0.45,-1.33,-1.11,-58.05,20.10,-58.05,26.32,12.41,
01/01/2000,-112.30,-102.05,-967.77,-1.92,-1.56,-2.72,-57.30,20.40,-56.55,26.13,11.93,
01/01/2000,-103.52,-94.73,-972.17,-1.36,-0.46,-1.60,-57.90,20.55,-57.15,25.98,11.61,
01/01/2000,-101.56,-79.10,-970.70,-1.65,-0.40,-0.19,-56.40,21.00,-57.90,25.98,11.38,
01/01/2000,-106.45,-95.70,-969.73,-0.52,0.31,-0.96,-58.50,20.85,-56.55,25.94,11.21,
01/01/2000,-99.61,-97.17,-972.17,-0.21,-2.71,0.63,-58.20,19.50,-59.70,26.13,11.07,
01/01/2000,-109.86,-99.12,-979.49,0.70,-3.59,2.75,-56.25,20.40,-57.30,26.03,10.97,
01/01/2000,-107.91,-98.63,-974.61,1.52,-1.70,-0.29,-58.20,21.00,-57.90,26.13,10.88,
01/01/2000,-101.07,-98.63,-974.12,1.74,-2.89,0.78,-56.10,21.75,-57.15,26.03,10.81,
01/01/2000,-117.19,-100.10,-971.68,-0.36,-1.65,1.66,-57.30,20.40,-57.75,26.03,10.74,
01/01/2000,-111.33,-80.57,-970.70,-2.08,-1.34,-1.82,-57.15,20.55,-57.15,25.98,10.69,
01/01/2000,-89.84,-94.24,-979.98,-0.84,-2.13,-1.76,-59.25,21.15,-58.80,26.18,10.65,
01/01/2000,-120.12,-105.96,-977.05,-3.56,-1.31,-1.43,-57.30,20.85,-59.10,26.27,10.61,
01/01/2000,-100.10,-94.73,-975.10,-0.45,-2.69,-2.01,-58.80,20.10,-57.30,25.65,10.57,
01/01/2000,-96.68,-90.82,-979.00,0.27,-0.99,-1.59,-57.00,21.60,-57.75,26.27,10.54,
01/01/2000,-110.84,-94.24,-967.77,-1.31,-2.92,-0.89,-58.05,20.85,-57.75,25.94,10.51,
01/01/2000,-109.38,-101.07,-974.61,-0.22,-3.71,-0.75,-56.55,21.60,-58.50,25.98,10.48,
01/01/2000,-102.05,-100.10,-979.98,-0.32,-1.18,0.40,-57.30,19.65,-57.75,26.13,10.46,
01/01/2000,-90.82,-106.93,-959.47,1.08,-1.42,-0.66,-57.45,21.00,-57.90,26.13,10.44,
01/01/2000,-100.59,-94.24,-968.26,3.06,-2.87,0.64,-57.15,21.00,-56.85,26.18,10.42,
01/01/2000,-113.28,-109.86,-959.96,-1.04,-1.69,-0.30,-57.75,21.15,-57.75,25.94,10.40,
01/01/2000,-101.07,-100.10,-981.93,-1.80,-1.78,-0.89,-57.00,20.40,-58.05,26.18,10.39,
01/01/2000,-106.93,-100.10,-978.03,-1.47,1.15,0.60,-58.05,20.40,-57.75,26.13,10.37,
01/01/2000,-104.49,-94.24,-983.89,-1.53,-0.77,-1.59,-57.00,20.40,-57.75,25.98,10.36,
01/01/2000,-103.03,-84.47,-985.84,-2.47,-2.37,-1.85,-57.45,21.00,-58.20,25.98,10.35,
01/01/2000,-100.10,-86.91,-976.07,-1.05,-0.66,-1.80,-57.75,21.15,-58.05,26.13,10.33,
01/01/2000,-104.00,-96.19,-976.56,-1.54,-0.69,-1.56,-57.00,21.15,-56.25,26.13,10.32,
01/01/2000,-99.12,-83.98,-980.96,-0.60,-2.48,-0.18,-57.45,21.45,-58.65,26.32,10.31,
01/01/2000,-104.00,-111.82,-971.68,0.29,-2.15,0.62,-57.30,20.85,-56.25,25.98,10.30,
01/01/2000,-103.52,-97.66,-976.07,1.09,-3.18,2.20,-56.10,21.00,-57.45,25.94,10.29,
01/01/2000,-103.03,-90.33,-970.21,-0.40,-2.21,-0.34,-56.70,19.80,-58.20,26.03,10.29,
01/01/2000,-118.16,-89.84,-980.47,0.58,-2.03,1.39,-56.25,21.60,-57.75,25.98,10.27,
01/01/2000,-99.12,-104.98,-978.52,0.09,-0.70,-1.45,-57.75,20.40,-57.75,26.27,10.27,
01/01/2000,-108.89,-96.68,-974.61,-2.28,-0.83,0.73,-57.90,21.45,-58.20,26.18,10.26,
01/01/2000,-106.45,-100.59,-975.10,-2.05,1.18,-0.79,-56.70,19.80,-57.15,26.18,10.25,
01/01/2000,-94.73,-94.24,-960.94,-2.67,-1.75,-0.41,-57.15,21.00,-57.45,26.18,10.25,
01/01/2000,-117.19,-95.70,-974.61,-2.52,0.15,0.19,-57.30,20.10,-58.50,25.79,10.24,
01/01/2000,-102.54,-98.63,-968.26,1.75,-1.35,0.18,-57.15,21.75,-57.45,26.03,10.23,
01/01/2000,-107.91,-107.91,-986.33,0.33,-2.63,-0.29,-57.30,22.35,-56.55,25.84,10.23,
01/01/2000,-105.96,-90.33,-972.66,-0.21,-2.84,1.28,-57.75,20.85,-58.05,26.13,10.22,
01/01/2000,-112.30,-86.91,-972.17,0.40,-1.18,-0.24,-57.30,20.40,-57.75,25.98,10.22,
01/01/2000,-109.86,-94.73,-971.19,0.12,-2.50,1.02,-58.65,20.25,-58.20,25.98,10.21,
01/01/2000,-114.75,-92.77,-974.61,0.10,-1.46,2.19,-58.50,20.85,-57.30,26.13,10.21,
01/01/2000,-97.17,-93.26,-974.61,-1.48,0.02,-0.57,-57.45,19.05,-58.20,25.98,10.20,
01/01/2000,-95.70,-109.38,-977.54,0.31,-2.07,0.31,-58.05,19.65,-58.50,26.13,10.20,
01/01/2000,-107.42,-105.96,-974.12,-1.10,-2.07,-0.68,-57.00,20.10,-56.55,25.98,10.20,
01/01/2000,-113.28,-106.93,-973.63,-2.37,-1.56,0.01,-58.20,20.55,-58.65,26.18,10.19,
01/01/2000,-104.49,-97.66,-965.82,-2.08,0.42,-0.70,-58.50,19.65,-58.50,26.27,10.19,
01/01/2000,-97.17,-91.31,-988.77,-0.05,-3.08,2.05,-57.30,21.15,-58.05,26.27,10.18,
01/01/2000,-112.30,-92.29,-968.75,0.85,-1.50,0.76,-57.90,20.55,-58.95,26.27,10.18,
01/01/2000,-101.07,-92.29,-971.68,0.19,-4.38,1.73,-58.65,21.00,-57.45,26.13,10.18,
01/01/2000,-106.93,-104.00,-979.49,0.94,-1.91,0.36,-56.70,21.00,-57.45,26.13,10.17,
01/01/2000,-110.84,-93.26,-980.96,-1.52,-1.39,0.07,-58.20,20.25,-58.20,25.84,10.17,
01/01/2000,-97.66,-97.66,-978.52,-0.10,-0.86,0.41,-57.75,19.65,-57.30,26.18,10.17,
01/01/2000,-97.66,-104.00,-975.59,0.59,-2.42,2.10,-57.75,20.40,-56.25,25.98,10.17,
01/01/2000,-110.35,-93.75,-984.38,-1.96,-1.47,1.28,-57.15,21.45,-57.90,26.27,10.16,
01/01/2000,-100.10,-107.42,-979.00,-2.37,-1.79,-1.88,-57.75,21.60,-56.55,26.03,10.16,
01/01/2000,-108.89,-94.73,-988.28,-0.79,-1.02,0.44,-57.00,20.85,-57.30,26.18,10.16,
01/01/2000,-103.52,-105.47,-971.68,-3.00,1.37,-0.55,-58.50,20.85,-56.55,26.32,10.15,
01/01/2000,-110.35,-86.43,-975.10,-2.67,-1.33,-1.85,-58.65,21.00,-58.20,25.74,10.15,
01/01/2000,-110.35,-98.14,-983.40,-0.02,1.46,-1.46,-57.15,19.80,-58.20,26.13,10.15,
01/01/2000,-106.93,-81.05,-972.66,-0.85,-2.21,1.42,-57.15,19.80,-57.15,25.79,10.15,
01/01/2000,-101.56,-92.77,-974.61,0.50,-0.73,0.28,-57.90,20.55,-57.15,26.18,10.15,
01/01/2000,-94.73,-101.07,-966.31,-0.24,-1.95,0.40,-57.15,20.55,-57.15,26.03,10.14,
01/01/2000,-106.93,-91.31,-974.12,0.40,-2.74,0.10,-58.50,19.65,-56.55,26.32,10.14,
01/01/2000,-102.54,-95.21,-966.31,0.50,-1.91,0.13,-57.30,20.40,-58.05,26.18,10.14,
01/01/2000,-98.14,-104.00,-971.19,0.29,-0.82,0.20,-56.70,20.25,-56.85,26.18,10.14,
01/01/2000,-111.33,-93.26,-972.66,-1.53,-1.49,-0.38,-57.90,20.55,-57.15,26.13,10.14,
01/01/2000,-97.66,-91.31,-980.47,-1.75,-1.80,-1.75,-57.00,20.40,-57.75,25.94,10.13,
01/01/2000,-108.89,-92.29,-972.66,-0.85,-2.10,-0.65,-56.70,21.45,-57.45,25.98,10.13,
01/01/2000,-111.82,-105.47,-978.03,-0.96,-0.81,-2.07,-57.15,21.45,-55.65,26.03,10.13,
01/01/2000,-111.82,-96.19,-961.91,-2.32,-2.05,-3.11,-57.15,21.00,-57.90,25.98,10.13,
01/01/2000,-102.54,-97.17,-977.05,-2.57,1.48,-1.45,-57.75,20.40,-57.00,26.13,10.13,
01/01/2000,-104.00,-102.54,-970.21,2.21,-2.32,1.23,-56.40,21.75,-56.85,26.32,10.12,
01/01/2000,-95.21,-88.38,-968.26,-0.82,-2.83,1.48,-57.90,21.75,-57.15,25.98,10.12,
01/01/2000,-115.23,-98.14,-970.70,-0.21,-2.05,-0.01,-57.00,20.40,-57.75,25.84,10.12,
01/01/2000,-95.21,-94.24,-981.93,-0.49,-2.98,1.28,-58.20,20.25,-57.15,26.13,10.12,
01/01/2000,-103.52,-92.29,-964.36,0.94,-1.89,0.54,-56.55,20.85,-57.00,25.98,10.12,
01/01/2000,-118.16,-85.94,-974.12,-0.76,-1.40,0.95,-57.00,20.40,-58.05,25.98,10.12,
01/01/2000,-97.17,-100.10,-978.03,-2.78,1.03,-0.07,-58.50,19.65,-58.80,26.03,10.12,
01/01/2000,-96.68,-105.96,-966.31,-1.34,-2.51,-1.11,-57.30,20.40,-57.75,26.18,10.11,
01/01/2000,-105.96,-92.29,-979.00,-1.63,-0.53,-0.88,-57.90,19.50,-57.45,26.18,10.11,
01/01/2000,-104.00,-114.26,-979.98,-0.90,-0.11,-0.92,-57.00,21.60,-57.30,25.79,10.11,
01/01/2000,-98.63,-86.43,-974.12,-0.57,0.12,-0.50,-56.70,20.55,-59.70,26.18,10.11,
01/01/2000,-103.52,-96.68,-963.87,0.76,-2.99,-0.63,-56.70,21.45,-56.85,25.94,10.11,
01/01/2000,-109.38,-96.68,-971.19,-0.66,-3.80,0.49,-57.15,21.45,-58.20,26.27,10.11,
01/01/2000,-99.12,-79.59,-973.63,1.11,-3.79,0.68,-57.45,21.45,-56.40,25.98,10.11,
01/01/2000,-105.96,-96.19,-980.47,-0.47,-2.35,2.23,-58.20,21.45,-58.95,25.98,10.11,
01/01/2000,-104.49,-102.05,-969.24,-0.89,-1.09,3.06,-56.70,21.45,-57.15,26.27,10.10,
01/01/2000,-109.38,-94.73,-980.96,-2.14,0.50,3.44,-57.45,19.80,-57.15,26.13,10.10,
01/01/2000,-111.33,-85.45,-981.45,-3.21,-0.59,-0.40,-57.75,20.85,-56.55,26.27,10.10,
01/01/2000,-111.33,-99.12,-977.54,-2.13,0.40,-2.55,-55.65,21.00,-57.45,25.94,10.10,
01/01/2000,-112.30,-100.59,-972.66,-2.34,-0.66,1.51,-57.45,20.25,-56.40,25.94,10.10,
01/01/2000,-98.14,-98.14,-980.47,0.13,-1.02,-3.00,-57.75,23.10,-58.50,26.18,10.10,
01/01/2000,-103.52,-79.59,-974.12,0.90,-2.56,0.88,-56.70,22.50,-57.15,26.03,10.10,
01/01/2000,-115.23,-105.96,-972.66,-0.57,-4.06,0.37,-57.75,21.90,-58.80,26.27,10.10,
01/01/2000,-99.12,-85.94,-979.98,-0.11,-2.95,1.32,-57.15,21.45,-58.65,26.27,10.10,
01/01/2000,-103.03,-90.82,-970.21,-0.26,-1.85,1.57,-57.30,20.40,-57.75,26.03,10.10,
01/01/2000,-94.24,-83.50,-973.63,-3.72,0.38,-0.73,-57.90,21.00,-58.65,26.13,10.09,
01/01/2000,-100.59,-101.07,-986.33,-0.53,-0.02,-1.15,-57.45,21.00,-57.45,26.13,10.09,
01/01/2000,-104.49,-101.56,-979.49,0.37,1.39,0.04,-57.15,19.80,-57.90,25.98,10.09,
01/01/2000,-93.26,-94.24,-983.40,-2.82,-2.40,0.15,-57.30,20.40,-57.75,26.13,10.09,
01/01/2000,-100.10,-105.47,-980.47,-1.66,-2.40,-0.33,-58.95,21.00,-58.20,25.94,10.09,
01/01/2000,-105.96,-94.24,-970.21,-0.64,-1.05,-0.47,-57.90,21.75,-57.90,26.27,10.09,
01/01/2000,-86.91,-102.05,-969.73,-0.53,-4.60,0.98,-58.80,20.85,-58.50,26.03,10.09,
01/01/2000,-94.24,-97.17,-993.65,2.24,-4.02,0.82,-57.15,20.55,-57.90,26.27,10.09,
01/01/2000,-98.63,-97.17,-972.17,-0.08,-1.18,-0.60,-56.25,20.85,-58.05,26.03,10.09,
01/01/2000,-118.16,-102.05,-980.47,0.42,-0.30,0.28,-58.05,21.15,-58.05,25.84,10.09,
01/01/2000,-105.96,-101.56,-981.45,-3.96,-0.95,-1.02,-56.70,21.00,-58.20,26.18,10.09,
01/01/2000,-101.56,-101.56,-963.38,-0.70,0.95,-0.38,-57.90,19.05,-57.15,25.94,10.08,
01/01/2000,-130.86,-96.19,-981.93,-0.45,-1.27,-1.32,-58.50,21.60,-57.30,26.27,10.08,
01/01/2000,-109.38,-101.56,-979.00,-1.69,-0.02,-0.24,-57.15,21.45,-57.15,26.13,10.08,
01/01/2000,-97.66,-88.87,-977.05,-3.88,0.76,-0.05,-58.80,19.65,-57.00,26.18,10.08,
01/01/2000,-108.89,-105.96,-970.70,-0.53,-0.47,-1.88,-57.45,19.80,-58.65,26.18,10.08,
01/01/2000,-101.56,-103.52,-973.14,1.99,-2.10,1.62,-56.40,22.20,-56.85,25.98,10.08,
01/01/2000,-100.59,-89.36,-962.40,0.24,-3.34,1.74,-57.90,21.00,-57.45,25.98,10.08,
01/01/2000,-107.91,-93.26,-976.56,-1.18,-0.66,0.27,-58.05,21.15,-58.80,25.79,10.08,
01/01/2000,-94.73,-101.56,-972.17,2.05,-1.27,0.46,-58.20,20.55,-58.20,26.18,10.08,
01/01/2000,-100.59,-100.10,-978.52,-0.40,0.37,-1.12,-56.40,20.25,-58.20,26.03,10.08,
01/01/2000,-100.59,-87.40,-971.19,-2.86,0.96,-3.76,-57.75,21.90,-57.75,26.03,10.08,
01/01/2000,-91.31,-94.24,-982.91,-1.65,-0.44,-0.85,-56.40,21.45,-57.45,26.03,10.08,
01/01/2000,-92.29,-91.31,-978.52,-2.08,0.66,-1.07,-57.90,21.00,-57.15,26.03,10.08,
01/01/2000,-108.40,-97.17,-989.75,0.85,-2.52,1.96,-57.90,21.75,-57.45,26.18,10.08,
01/01/2000,-107.42,-100.10,-982.42,0.98,0.27,-0.13,-57.15,21.45,-57.45,25.98,10.08,
01/01/2000,-96.19,-98.14,-972.66,2.44,-2.44,0.92,-57.90,20.55,-57.45,25.98,10.07,
01/01/2000,-108.40,-104.49,-974.12,0.52,-3.93,4.10,-57.45,21.45,-56.10,25.98,10.07,
01/01/2000,-95.21,-89.84,-982.91,1.26,-0.95,-0.15,-57.90,19.80,-57.90,26.18,10.07,
01/01/2000,-98.63,-95.70,-968.26,-2.46,-1.39,-0.34,-57.30,21.90,-57.75,25.84,10.07,
01/01/2000,-103.52,-89.84,-981.45,-0.34,-0.71,-0.34,-57.90,22.20,-57.90,26.03,10.07,
01/01/2000,-113.28,-106.45,-981.93,-0.64,-0.71,-0.09,-58.20,21.00,-57.90,26.03,10.07,
01/01/2000,-103.03,-100.10,-970.21,-2.25,-0.27,-0.40,-57.75,20.10,-57.75,26.13,10.07,
01/01/2000,-110.84,-106.93,-977.05,-0.98,-3.98,1.97,-57.75,20.40,-57.00,25.98,10.07,
01/01/2000,-98.14,-87.89,-965.33,-0.37,-2.73,1.40,-57.30,21.15,-57.75,26.13,10.07,
01/01/2000,-102.54,-98.63,-969.24,0.60,-2.24,0.30,-55.50,19.65,-57.75,26.13,10.07,
01/01/2000,-104.49,-90.82,-965.33,1.36,-2.77,1.24,-57.45,20.55,-57.15,25.94,10.07,
01/01/2000,-108.40,-98.63,-978.03,-2.90,-0.46,0.04,-57.15,21.00,-56.40,25.98,10.07,
01/01/2000,-98.63,-89.36,-972.66,-3.97,-0.11,-0.60,-57.75,19.65,-56.25,25.98,10.07,
01/01/2000,-110.84,-88.87,-979.00,-3.09,-0.88,-1.65,-57.30,20.10,-58.05,26.03,10.07,
01/01/2000,-89.36,-86.91,-973.63,-2.15,-0.66,-1.08,-57.00,20.40,-58.80,26.27,10.07,
01/01/2000,-102.54,-107.91,-966.80,-1.03,-0.78,-0.43,-56.10,21.00,-57.45,25.98,10.07,
01/01/2000,-99.12,-104.00,-964.84,-0.75,-1.32,0.46,-57.45,20.25,-57.45,25.98,10.07,
01/01/2000,-113.28,-90.82,-968.75,-0.70,-1.74,2.48,-56.55,20.85,-58.80,25.98,10.07,
01/01/2000,-91.31,-94.24,-977.54,0.41,-4.04,0.88,-57.45,20.55,-57.45,26.13,10.07,
01/01/2000,-97.66,-95.21,-974.61,2.28,-2.64,3.02,-55.65,19.50,-57.90,26.18,10.07,
01/01/2000,-110.35,-102.05,-982.91,0.67,-4.25,1.38,-58.50,20.85,-56.55,26.27,10.06,
01/01/2000,-104.98,-95.70,-969.24,-1.82,0.26,-0.86,-57.15,19.80,-57.90,25.94,10.06,
01/01/2000,-112.30,-104.00,-980.47,-1.55,-0.95,-2.24,-57.75,20.85,-57.30,25.94,10.06,
01/01/2000,-103.03,-94.73,-972.17,-3.54,0.89,-1.19,-55.80,20.40,-57.00,25.98,10.06,
01/01/2000,-108.89,-99.61,-974.12,-2.61,-0.23,-3.26,-57.45,20.25,-56.40,26.18,10.06,
01/01/2000,-97.17,-86.43,-983.40,-1.71,-0.81,-0.76,-55.35,20.55,-58.95,26.18,10.06,
01/01/2000,-102.54,-106.93,-979.49,1.11,-1.83,1.11,-57.15,20.25,-57.45,26.18,10.06,
01/01/2000,-111.33,-85.94,-973.14,0.29,-3.60,-0.34,-56.70,20.55,-58.20,26.18,10.06,
01/01/2000,-116.21,-98.63,-972.17,2.93,-0.56,2.37,-58.50,20.40,-57.00,25.98,10.06,
01/01/2000,-107.42,-89.36,-981.93,0.96,-1.09,0.83,-57.45,19.05,-57.90,26.13,10.06,
01/01/2000,-103.03,-92.29,-978.03,1.40,-2.83,-0.14,-55.65,20.55,-58.20,26.13,10.06,
01/01/2000,-114.26,-91.80,-970.70,-2.18,0.60,-1.10,-57.30,21.90,-57.00,26.18,10.06,
01/01/2000,-108.89,-104.98,-969.73,-1.31,0.02,1.03,-56.70,20.55,-58.20,26.32,10.06,
01/01/2000,-112.79,-99.61,-973.63,-0.44,-2.53,0.52,-57.00,20.85,-57.00,25.98,10.06,
01/01/2000,-109.38,-94.73,-956.05,-3.22,6.00,-1.60,-58.20,19.50,-56.85,25.94,10.06,
01/01/2000,-95.21,-90.33,-973.63,1.96,-10.75,0.60,-56.70,21.45,-58.95,25.94,10.06,
01/01/2000,-107.91,-93.26,-953.12,-1.08,2.18,1.37,-56.25,20.40,-58.50,26.27,10.06,
01/01/2000,-83.98,-87.89,-979.49,-2.76,3.60,-2.47,-57.90,19.50,-58.20,25.94,10.06,
01/01/2000,-97.17,-87.89,-979.00,-0.11,-1.76,-0.60,-58.50,21.60,-58.50,25.98,10.06,
01/01/2000,-92.29,-94.73,-984.86,0.54,0.03,-0.89,-57.75,20.40,-58.05,25.98,10.06,
01/01/2000,-95.70,-96.68,-961.91,-0.40,0.13,0.54,-57.00,20.85,-58.50,26.27,10.06,
01/01/2000,-93.26,-87.40,-967.29,0.06,-3.88,0.03,-57.00,21.15,-57.30,26.03,10.06,
01/01/2000,-102.54,-93.75,-977.05,-3.39,0.38,0.06,-57.00,19.65,-58.50,26.03,10.06,
01/01/2000,-91.31,-105.96,-966.31,0.21,-3.79,0.56,-57.30,19.65,-57.75,26.03,10.06,
01/01/2000,-92.77,-89.36,-972.66,-1.71,-3.30,0.92,-57.15,20.55,-58.20,26.18,10.06,
01/01/2000,-111.82,-105.96,-874.51,-2.05,-8.07,2.12,-57.90,18.75,-56.10,25.98,10.05,
01/01/2000,-124.02,-89.84,-962.89,0.43,-22.88,0.97,-57.75,20.40,-57.75,25.94,10.05,
01/01/2000,8.30,-10.74,-931.15,-25.92,68.01,-75.16,-55.80,20.85,-57.30,26.03,10.05,
01/01/2000,-145.02,-269.04,-1213.87,18.76,250.13,-113.84,-59.40,23.70,-54.90,26.13,10.05,
01/01/2000,-43.95,267.58,-221.68,-72.20,-28.95,33.01,-61.65,26.85,-54.60,26.03,10.05,
01/01/2000,-104.49,296.39,-856.93,-85.77,-64.08,9.08,-61.80,28.95,-55.50,25.98,10.05,
01/01/2000,46.88,408.20,-1199.22,-113.28,15.44,-147.20,-58.20,34.95,-56.10,25.94,10.05,
01/01/2000,94.73,329.59,-976.07,-63.28,101.72,-212.74,-58.20,46.50,-51.60,26.03,10.05,
01/01/2000,135.74,365.72,-1098.63,81.92,3.89,-31.45,-55.50,51.30,-48.60,26.18,10.05,
01/01/2000,-211.43,207.52,-997.07,66.10,-4.22,-58.18,-53.40,45.75,-52.35,25.98,10.05,
01/01/2000,79.59,194.34,-958.50,8.52,20.50,-97.32,-51.45,43.65,-56.25,25.98,10.05,
01/01/2000,-151.86,136.23,-999.51,-16.15,2.79,-41.97,-46.65,46.35,-55.80,25.94,10.05,
01/01/2000,-215.82,128.42,-990.72,6.26,29.71,-96.75,-44.85,45.75,-52.35,26.03,10.05,
01/01/2000,-51.76,259.77,-763.18,-23.05,46.87,-98.89,-42.90,47.85,-51.45,26.03,10.05,
01/01/2000,-226.07,152.34,-1073.24,-27.04,9.47,-85.60,-41.10,52.20,-48.15,26.13,10.05,
01/01/2000,-44.43,138.18,-1006.84,15.49,24.24,-59.17,-35.70,54.30,-50.25,25.94,10.05,
01/01/2000,-37.11,271.97,-815.92,-11.11,7.21,-38.44,-34.35,52.20,-51.45,26.03,10.05,
01/01/2000,32.71,418.46,-856.45,-5.95,-85.37,-74.79,-30.90,50.85,-51.30,26.13,10.05,
01/01/2000,-103.03,364.26,-786.62,-46.39,-43.99,54.73,-30.45,49.20,-50.55,25.98,10.05,
01/01/2000,-423.83,250.00,-1229.49,15.74,15.91,-19.25,-31.65,54.60,-48.00,26.03,10.05,
01/01/2000,-147.46,249.02,-1070.31,124.16,85.66,-93.45,-33.60,49.80,-51.45,26.27,10.05,
01/01/2000,-16.60,-80.08,-779.30,54.18,12.90,-62.45,-33.30,44.40,-54.45,26.13,10.05,
01/01/2000,-139.16,-7.81,-968.26,0.40,-30.37,16.21,-32.55,41.25,-55.80,26.03,10.05,
01/01/2000,-209.96,-40.53,-890.14,17.77,-42.13,15.24,-33.00,40.65,-55.35,26.18,10.05,
01/01/2000,-146.00,-14.16,-870.12,-35.17,-29.19,42.87,-30.30,40.20,-55.50,26.27,10.05,
01/01/2000,-269.53,81.05,-935.55,-16.73,-9.97,59.11,-30.60,43.20,-52.20,25.98,10.05,
01/01/2000,-217.29,66.89,-770.02,27.51,72.78,7.76,-33.60,42.15,-50.70,25.94,10.05,
01/01/2000,-333.98,301.27,-562.99,-18.52,75.09,103.85,-35.85,40.95,-52.20,26.37,10.05,
01/01/2000,712.89,103.52,-704.59,45.32,78.06,-14.92,-38.85,38.25,-52.65,25.94,10.05,
01/01/2000,-258.30,-179.69,-1172.85,-17.47,216.54,-35.29,-44.40,38.25,-50.70,26.13,10.05,
01/01/2000,389.65,25.39,-1153.32,2.80,203.82,97.49,-51.00,41.70,-47.40,25.84,10.05,
01/01/2000,797.36,15.14,-607.91,43.92,7.71,66.64,-54.60,38.85,-44.40,25.98,10.05,
01/01/2000,846.68,2.44,-604.00,52.11,250.13,18.56,-58.95,36.90,-43.95,25.98,10.05,
01/01/2000,716.31,-256.84,-214.36,-101.80,-70.37,128.70,-62.70,30.60,-42.90,26.13,10.05,
01/01/2000,389.16,-436.04,-439.45,-80.78,-4.90,181.05,-63.60,23.85,-44.85,26.18,10.05,
01/01/2000,209.96,-574.71,-917.48,-127.16,56.79,168.79,-64.80,19.65,-46.80,26.13,10.05,
01/01/2000,218.75,-758.30,-962.40,34.36,-3.58,158.78,-61.35,15.45,-45.30,26.13,10.05,
01/01/2000,317.38,-798.34,-875.49,-16.50,-25.13,149.47,-57.30,9.60,-45.30,25.94,10.05,
01/01/2000,-18.55,-814.94,-704.59,-37.03,-0.90,111.54,-52.95,5.40,-45.30,26.13,10.05,
01/01/2000,65.92,-751.46,-1014.16,-48.53,77.59,22.25,-54.00,6.15,-46.35,26.32,10.04,
01/01/2000,166.99,-524.90,-730.96,-15.14,40.40,35.61,-55.65,5.85,-45.75,25.98,10.04,
01/01/2000,37.11,-569.82,-758.30,-38.96,12.50,57.11,-55.05,6.15,-45.60,25.84,10.04,
01/01/2000,44.92,-528.32,-779.30,14.50,1.32,32.11,-54.15,4.35,-47.70,25.94,10.04,
01/01/2000,12.21,-501.46,-818.85,12.34,2.89,18.27,-55.05,1.80,-46.35,26.18,10.04,
01/01/2000,88.87,-438.96,-695.80,5.73,2.82,10.04,-55.65,0.45,-45.45,25.84,10.04,
01/01/2000,8.30,-562.50,-809.08,7.84,-6.78,2.77,-54.30,1.80,-46.80,26.18,10.04,
01/01/2000,63.48,-637.21,-1029.79,18.24,-9.34,1.58,-54.00,0.30,-46.05,25.84,10.04,
01/01/2000,153.32,-604.00,-718.26,-49.98,-13.21,56.05,-53.40,-0.15,-46.50,26.27,10.04,
01/01/2000,88.38,-460.45,-781.25,-105.98,-48.76,80.18,-48.45,2.25,-48.60,26.03,10.04,
01/01/2000,-255.86,-237.30,-904.79,-59.11,-60.62,41.29,-42.30,3.15,-54.15,26.03,10.04,
01/01/2000,-161.13,-198.24,-918.46,-73.76,69.62,3.69,-41.10,5.40,-55.80,26.18,10.04,
01/01/2000,-87.89,-29.30,-706.54,21.26,81.15,12.76,-41.40,9.15,-57.00,26.13,10.04,
01/01/2000,-450.20,-27.34,-714.36,59.44,11.22,-15.19,-39.90,7.65,-57.00,26.18,10.04,
01/01/2000,-177.73,-147.46,-951.17,-20.32,104.80,20.14,-44.85,7.50,-57.45,26.03,10.04,
01/01/2000,135.25,-137.70,-1158.69,-22.09,17.82,23.55,-51.45,8.40,-55.50,26.03,10.04,
01/01/2000,198.73,-95.21,-877.93,10.63,2.60,2.87,-51.15,5.85,-54.15,25.84,10.04,
01/01/2000,131.35,-84.96,-693.85,-14.71,-40.89,-24.37,-52.95,6.45,-54.45,26.18,10.04,
01/01/2000,74.22,-143.07,-942.38,-23.94,-25.11,-7.32,-51.75,7.65,-55.20,25.98,10.04,
01/01/2000,-173.34,-140.14,-844.73,-41.70,-85.97,8.89,-49.05,7.80,-54.60,25.98,10.04,
01/01/2000,-18.55,41.50,-1001.46,-64.18,-153.77,15.76,-42.30,10.50,-57.45,26.03,10.04,
01/01/2000,-359.38,35.16,-885.74,-10.76,-154.63,-39.50,-32.10,13.80,-58.50,25.98,10.04,
01/01/2000,-564.94,151.86,-867.68,9.73,-91.76,145.52,-26.40,14.10,-57.45,25.94,10.04,
01/01/2000,-665.53,124.51,-814.94,50.56,7.66,-0.47,-22.95,15.45,-56.25,25.84,10.04,
01/01/2000,-359.86,115.72,-893.07,10.11,31.56,-26.68,-24.60,13.20,-57.15,26.03,10.04,
01/01/2000,-770.51,78.61,-566.89,5.05,11.05,-23.11,-26.40,12.45,-57.45,25.94,10.04,
01/01/2000,-540.04,-69.82,-614.26,48.51,-159.40,20.46,-29.85,11.85,-59.10,26.27,10.04,
01/01/2000,-594.73,-225.10,-750.00,39.94,-54.95,60.37,-29.85,6.90,-57.30,26.03,10.04,
01/01/2000,-549.80,-206.05,-861.82,0.05,-51.07,16.28,-29.55,6.45,-55.80,26.32,10.04,
01/01/2000,-492.68,-50.78,-818.85,-7.07,45.99,-4.31,-28.65,8.25,-55.35,26.18,10.04,
01/01/2000,-480.47,-65.43,-829.59,3.44,6.20,-9.11,-29.70,6.30,-56.40,26.18,10.04,
01/01/2000,-540.53,-104.00,-801.27,5.62,-15.14,1.78,-27.45,6.30,-56.10,26.13,10.04,
01/01/2000,-545.90,-138.18,-777.83,16.42,-26.56,-2.88,-28.05,7.65,-55.20,25.84,10.04,
01/01/2000,-589.36,-219.73,-840.33,1.80,15.32,3.17,-27.30,6.45,-55.20,25.98,10.04,
01/01/2000,-537.60,-126.46,-835.45,-12.37,21.37,8.46,-28.50,8.10,-54.45,25.79,10.04,
01/01/2000,-508.30,-52.73,-817.38,-17.37,-0.04,1.51,-28.95,7.80,-56.40,26.03,10.04,
01/01/2000,-494.63,-66.89,-878.42,-6.77,15.23,-9.55,-29.25,8.40,-56.25,25.94,10.04,
01/01/2000,-500.98,-73.73,-830.57,-3.75,25.13,-12.28,-28.80,8.40,-58.05,25.94,10.04,
01/01/2000,-551.76,-52.73,-740.72,8.42,-26.16,1.40,-28.20,9.45,-56.85,26.13,10.04,
01/01/2000,-370.61,-149.90,-1095.70,15.77,-39.50,-4.08,-29.55,8.40,-56.55,25.98,10.04,
01/01/2000,-243.16,13.67,-1064.45,-11.85,98.44,17.41,-36.00,10.20,-57.90,25.84,10.04,
01/01/2000,-151.37,-146.97,-1021.97,-5.38,26.76,-6.62,-41.25,10.50,-58.20,25.94,10.04,
01/01/2000,-171.39,-102.05,-1062.50,12.62,5.31,24.85,-41.55,10.20,-57.90,26.13,10.04,
01/01/2000,-187.50,20.02,-891.60,4.93,15.99,25.36,-40.35,8.40,-58.80,26.18,10.04,
01/01/2000,-58.11,-25.88,-997.07,0.82,25.50,-9.05,-41.70,8.85,-58.05,25.98,10.04,
01/01/2000,81.54,-143.07,-780.27,-0.67,10.78,-1.34,-47.10,9.75,-57.90,26.03,10.04,
01/01/2000,5.86,-108.89,-1047.85,1.55,11.58,10.27,-46.95,8.40,-57.30,26.13,10.04,
01/01/2000,71.29,-74.22,-1021.97,-2.35,49.59,-6.60,-46.65,8.10,-56.25,25.84,10.04,
01/01/2000,110.84,-45.90,-966.31,-6.05,10.10,-23.21,-48.00,8.40,-57.00,25.98,10.04,
01/01/2000,185.55,71.78,-791.50,-15.33,-27.49,-29.42,-49.20,8.85,-56.55,25.98,10.04,
01/01/2000,49.32,-14.16,-987.30,-21.50,-19.71,25.21,-47.10,10.50,-58.20,25.65,10.04,
01/01/2000,39.06,30.76,-1013.18,-16.63,2.73,-31.08,-46.20,11.85,-57.30,26.13,10.04,
01/01/2000,53.71,28.81,-1054.20,7.71,10.49,-15.70,-48.75,11.55,-57.75,25.94,10.04,
01/01/2000,93.75,-38.57,-982.42,12.55,-5.97,36.27,-48.75,11.55,-57.00,26.03,10.04,
01/01/2000,69.82,-211.91,-909.67,-15.93,-31.03,-2.06,-48.00,10.80,-57.30,25.94,10.04,
01/01/2000,59.57,14.65,-921.39,20.47,-0.38,-41.19,-48.60,9.75,-57.90,26.03,10.04,
01/01/2000,-22.95,-41.50,-1054.69,5.86,-45.86,2.03,-46.20,12.30,-57.75,25.98,10.04,
01/01/2000,-99.61,-37.60,-979.00,-6.49,-11.65,-1.64,-43.95,11.10,-58.50,25.94,10.04,
01/01/2000,-101.07,-37.11,-958.50,1.08,1.93,9.21,-44.40,10.35,-58.80,25.94,10.04,
01/01/2000,-82.03,-28.81,-983.40,-2.39,0.02,3.37,-43.65,10.80,-58.80,25.84,10.04,
01/01/2000,-116.21,-98.14,-969.24,17.06,-22.73,15.54,-42.00,9.75,-58.20,26.18,10.03,
01/01/2000,-146.00,-96.68,-886.23,-10.16,-22.17,12.60,-41.55,8.25,-58.65,25.98,10.03,
01/01/2000,-140.14,-29.79,-942.38,7.23,-39.75,23.79,-40.65,9.60,-58.50,26.27,10.03,
01/01/2000,-170.41,-69.82,-972.17,14.81,-52.50,28.57,-40.65,10.05,-58.05,25.94,10.03,
01/01/2000,-129.88,-85.94,-1005.37,13.05,-11.68,4.46,-39.30,9.45,-57.90,26.13,10.03,
01/01/2000,-168.95,-61.04,-963.38,-1.02,2.85,2.01,-38.85,7.20,-57.00,25.94,10.03,
01/01/2000,-133.30,-76.17,-841.80,-64.06,217.57,-14.71,-38.85,8.10,-57.75,25.94,10.03,
01/01/2000,-186.52,-105.96,-971.68,16.32,-8.35,-20.02,-40.80,9.75,-56.40,26.03,10.03,
01/01/2000,-65.92,-81.54,-1028.81,31.56,24.53,-9.28,-43.05,9.00,-57.45,25.79,10.03,
01/01/2000,23.44,-240.72,-1005.86,51.08,67.18,-19.19,-46.35,6.75,-54.60,26.13,10.03,
01/01/2000,91.80,-252.44,-948.73,15.50,53.84,10.94,-48.75,5.40,-53.70,25.79,10.03,
01/01/2000,115.72,-117.19,-1154.30,-46.95,19.75,20.76,-49.50,5.70,-51.90,26.18,10.03,
01/01/2000,204.10,-228.52,-912.11,10.35,25.07,-24.69,-49.80,8.70,-52.35,25.98,10.03,
01/01/2000,268.07,-123.54,-939.45,3.78,21.44,-4.18,-51.75,6.90,-53.25,25.98,10.03,
01/01/2000,294.92,-107.42,-958.01,-12.67,9.29,-9.06,-52.35,7.80,-52.35,25.94,10.03,
01/01/2000,312.50,-154.79,-925.29,-2.17,-6.80,0.34,-54.30,9.60,-52.65,25.79,10.03,
01/01/2000,322.27,-139.65,-930.66,-1.95,-7.06,-1.52,-53.85,7.50,-52.05,25.79,10.03,
01/01/2000,261.72,-174.80,-945.31,-0.43,-7.86,0.93,-53.40,6.30,-52.05,25.84,10.03,
01/01/2000,262.70,-181.15,-945.80,3.44,-8.58,-4.02,-53.10,8.25,-52.05,25.98,10.03,
01/01/2000,315.43,-136.72,-934.08,-2.67,4.53,1.01,-53.40,8.25,-51.60,25.98,10.03,
01/01/2000,302.73,-159.67,-906.74,5.30,-3.44,7.02,-53.25,7.65,-52.95,25.98,10.03,
01/01/2000,274.41,-139.16,-950.68,-3.57,-27.52,8.88,-52.35,6.30,-53.55,26.03,10.03,
01/01/2000,229.98,-120.12,-1017.09,-5.18,-34.35,2.20,-50.70,8.40,-53.25,25.98,10.03,
01/01/2000,142.58,-185.55,-1012.70,4.05,-42.14,22.87,-49.80,6.75,-53.85,25.98,10.03,
01/01/2000,2.93,-157.23,-894.04,-2.29,-74.61,-35.24,-48.30,7.80,-54.60,26.13,10.03,
01/01/2000,-39.06,-133.30,-1082.03,5.92,-42.57,-8.60,-46.20,8.10,-54.75,26.03,10.03,
01/01/2000,88.87,-71.78,-1030.76,-11.02,22.24,-21.05,-45.90,7.20,-55.20,25.79,10.03,
01/01/2000,79.59,-74.71,-899.41,3.60,53.40,-2.31,-46.65,8.10,-56.25,25.94,10.03,
01/01/2000,148.93,-182.13,-960.45,-9.12,-3.91,19.00,-48.00,6.90,-54.75,26.18,10.03,
01/01/2000,185.55,-184.57,-1063.48,1.22,21.45,4.85,-48.30,7.05,-56.85,25.98,10.03,
01/01/2000,35.16,67.87,-913.09,-19.59,8.68,-1.81,-48.00,6.45,-55.50,26.13,10.03,
01/01/2000,114.26,-98.63,-1052.73,1.41,10.60,1.98,-48.75,10.05,-56.25,26.03,10.03,
01/01/2000,133.79,-56.64,-966.31,5.27,5.33,7.46,-49.20,10.35,-55.50,26.13,10.03,
01/01/2000,98.63,-89.84,-987.30,-2.93,-0.29,1.66,-48.45,9.60,-56.25,25.98,10.03,
01/01/2000,97.17,-77.64,-960.45,4.28,1.72,2.16,-49.80,9.45,-55.65,25.98,10.03,
01/01/2000,107.91,-64.45,-979.49,-1.71,1.72,-3.44,-49.50,9.15,-55.80,25.65,10.03,
01/01/2000,118.16,-52.73,-973.14,-1.73,-1.05,-1.29,-48.30,9.45,-56.10,25.98,10.03,
01/01/2000,123.05,-69.82,-979.98,0.69,1.58,1.95,-49.20,9.15,-55.80,26.03,10.03,
01/01/2000,117.19,-75.68,-973.63,0.44,-1.50,-0.47,-49.35,8.25,-57.15,25.98,10.03,
01/01/2000,117.19,-84.47,-963.87,4.08,1.44,-1.92,-48.00,8.40,-55.50,25.98,10.03,
01/01/2000,142.09,-86.43,-987.79,0.45,-3.11,1.20,-48.60,7.80,-56.10,25.98,10.03,
01/01/2000,118.65,-78.12,-965.82,-3.06,-0.85,-1.79,-49.95,7.20,-54.75,25.98,10.03,
01/01/2000,146.00,-95.70,-961.91,-0.57,2.72,-0.90,-50.10,7.80,-56.10,26.32,10.03,
01/01/2000,125.00,-116.21,-981.93,-4.28,-0.34,-3.27,-50.85,7.50,-54.60,26.03,10.03,
01/01/2000,132.32,-83.50,-976.56,-1.78,-2.31,-0.88,-48.30,9.45,-55.35,25.94,10.03,
01/01/2000,148.93,-80.57,-970.70,1.98,-3.40,-1.40,-49.35,7.80,-57.15,25.94,10.03,
01/01/2000,115.23,-83.98,-957.03,1.94,-1.64,-0.47,-49.20,7.65,-54.75,25.98,10.03,
01/01/2000,133.30,-95.21,-962.89,-0.78,-2.53,-0.31,-49.20,7.65,-55.50,25.98,10.03,
01/01/2000,131.35,-95.70,-973.14,1.33,-2.02,2.46,-50.40,7.50,-54.15,25.94,10.03,
01/01/2000,132.32,-104.98,-977.05,-0.21,-0.60,0.16,-48.75,7.20,-55.50,25.98,10.03,
01/01/2000,110.35,-100.10,-959.47,-1.96,-1.55,-1.31,-49.20,6.90,-55.50,25.98,10.03,
01/01/2000,123.54,-93.26,-980.96,-0.15,0.06,-0.71,-48.75,8.10,-55.80,25.98,10.03,
01/01/2000,131.84,-89.84,-966.80,-2.15,0.11,-2.86,-48.75,10.05,-57.00,26.03,10.03,
01/01/2000,125.49,-109.38,-971.68,-0.26,-2.69,1.85,-48.60,7.05,-56.10,26.03,10.03,
01/01/2000,124.51,-86.43,-974.61,-0.01,-1.33,2.15,-49.20,8.40,-54.75,25.98,10.03,
01/01/2000,124.51,-86.43,-977.54,-0.70,-1.37,-1.69,-49.50,8.10,-55.50,25.74,10.03,
01/01/2000,122.07,-122.56,-978.52,2.61,-1.87,1.20,-49.50,6.90,-54.75,25.94,10.03,
01/01/2000,126.95,-117.68,-1009.77,11.18,-1.76,3.37,-49.20,6.90,-57.30,25.50,10.03,
01/01/2000,101.07,-169.43,-1025.88,85.58,-14.98,31.79,-48.45,3.75,-53.70,25.98,10.03,
01/01/2000,21.48,-345.21,-962.40,63.75,-22.74,19.37,-45.60,0.15,-51.60,26.03,10.03,
01/01/2000,-78.12,-400.39,-873.05,97.63,-14.66,16.79,-46.05,-4.80,-46.50,25.94,10.03,
01/01/2000,18.55,-581.54,-712.40,150.41,-8.72,34.73,-45.30,-9.00,-40.65,25.94,10.03,
01/01/2000,-18.07,-742.68,-458.98,153.49,-20.73,35.34,-43.65,-11.55,-30.30,25.98,10.03,
01/01/2000,-0.98,-1078.61,-226.07,125.89,-38.99,21.28,-43.05,-10.50,-17.70,26.18,10.03,
01/01/2000,-60.55,-920.41,-53.22,108.14,-34.93,2.88,-43.50,-7.80,-12.60,25.94,10.03,
01/01/2000,-66.89,-985.84,240.72,92.01,-8.97,-0.95,-44.40,-4.20,-4.65,25.98,10.03,
01/01/2000,-62.01,-1024.41,318.36,16.84,-13.51,-8.66,-44.70,-0.75,-2.55,25.98,10.03,
01/01/2000,-19.53,-1017.58,292.48,-7.05,-4.80,-11.08,-43.65,1.50,-1.80,26.03,10.03,
01/01/2000,-11.23,-966.80,276.37,-12.42,-2.12,-8.65,-44.85,-0.15,-3.75,26.03,10.03,
01/01/2000,-7.81,-958.98,264.16,-6.13,-2.89,1.05,-43.80,-2.10,-1.95,26.32,10.03,
01/01/2000,3.91,-955.57,268.07,-7.97,-0.86,-4.78,-44.55,-1.35,-3.00,26.13,10.03,
01/01/2000,3.91,-991.70,276.37,-1.88,0.88,0.24,-45.15,-1.80,-2.55,26.13,10.03,
01/01/2000,42.97,-981.93,237.79,-0.74,-3.24,-2.53,-45.30,-2.10,-2.70,26.13,10.03,
01/01/2000,30.27,-987.30,244.14,0.10,-0.76,-0.89,-43.50,-0.45,-2.25,25.84,10.03,
01/01/2000,16.60,-1001.95,241.70,-0.23,-0.98,-1.52,-45.45,-1.05,-3.15,26.03,10.03,
01/01/2000,19.04,-1000.00,255.86,-0.94,-2.34,4.17,-45.15,-1.80,-3.90,25.98,10.03,
01/01/2000,28.32,-999.51,245.61,-6.30,-0.13,1.11,-45.45,-1.50,-2.85,25.98,10.03,
01/01/2000,3.91,-984.86,249.51,-7.64,-0.54,-0.88,-44.85,-1.35,-4.50,25.94,10.03,
01/01/2000,9.28,-1029.30,230.47,-23.01,-0.21,5.83,-43.95,-2.25,-4.35,26.03,10.03,
01/01/2000,-3.91,-1029.79,167.97,-50.03,-1.60,-2.93,-43.65,-2.70,-5.40,25.94,10.03,
01/01/2000,-36.62,-1020.51,66.41,-54.44,-4.89,7.51,-44.85,-5.55,-8.85,26.13,10.03,
01/01/2000,-10.25,-1030.27,-11.23,-67.13,-8.32,14.04,-44.25,-7.50,-10.65,26.13,10.03,
01/01/2000,10.74,-1065.43,-143.07,-94.82,10.37,2.88,-44.40,-9.15,-16.35,25.79,10.03,
01/01/2000,113.28,-955.57,-332.52,-132.27,4.07,-31.17,-44.70,-9.15,-22.95,26.03,10.03,
01/01/2000,101.07,-803.71,-528.32,-130.53,11.95,-32.08,-46.35,-9.00,-31.50,25.84,10.03,
01/01/2000,112.79,-550.78,-718.26,-149.97,10.01,-43.48,-46.65,-7.65,-39.75,26.18,10.03,
01/01/2000,139.65,-436.04,-932.13,-102.86,23.31,-31.18,-50.10,-1.65,-48.75,25.98,10.03,
01/01/2000,146.00,-307.13,-1017.58,-85.23,-9.93,2.36,-50.85,2.85,-51.60,26.03,10.03,
01/01/2000,73.73,-21.00,-944.82,-87.31,-27.18,32.21,-49.80,6.30,-54.90,26.13,10.03,
01/01/2000,77.15,-118.65,-978.03,21.21,21.56,23.82,-49.35,7.80,-56.85,26.03,10.03,
01/01/2000,53.22,-113.28,-995.61,0.47,-23.46,-28.73,-47.55,7.05,-54.15,26.03,10.03,
01/01/2000,84.47,-134.28,-936.52,-15.66,-5.92,0.24,-48.00,6.90,-55.20,25.94,10.03,
01/01/2000,116.70,-19.04,-1044.43,6.83,17.59,7.82,-47.85,8.25,-56.40,26.03,10.03,
01/01/2000,92.29,-16.11,-1007.81,-0.38,-0.21,1.53,-47.55,8.70,-55.65,25.84,10.03,
01/01/2000,112.30,-49.80,-996.09,6.56,-8.45,-12.27,-47.85,6.30,-56.85,26.03,10.03,
01/01/2000,43.95,-57.13,-990.23,5.19,-15.25,-12.18,-47.40,6.15,-55.20,25.98,10.03,
01/01/2000,62.50,-94.73,-985.35,1.16,-2.79,-3.85,-48.30,7.05,-56.85,25.94,10.03,
01/01/2000,74.71,-93.26,-1009.28,1.14,-5.08,1.37,-48.45,8.40,-55.80,26.03,10.03,
01/01/2000,54.20,-103.03,-965.33,-4.08,-5.05,-1.91,-47.70,7.20,-55.50,26.13,10.03,
01/01/2000,49.32,-105.47,-969.24,2.20,-5.23,3.21,-48.00,7.65,-55.20,25.98,10.03,
01/01/2000,60.55,-97.17,-966.31,5.51,-4.06,5.53,-47.55,7.05,-55.65,25.84,10.03,
01/01/2000,58.59,-112.79,-968.26,-0.98,0.46,3.08,-46.80,6.75,-54.60,26.03,10.03,
01/01/2000,41.02,-88.87,-969.73,-2.15,2.88,2.05,-47.40,7.20,-55.80,25.65,10.03,
01/01/2000,47.85,-108.89,-978.03,-0.56,0.89,-0.60,-46.20,6.45,-54.75,26.03,10.03,
01/01/2000,-102.05,-133.79,-1252.93,28.22,22.35,-36.71,-47.40,6.90,-55.20,26.03,10.02,
01/01/2000,539.55,-397.95,-442.38,-58.47,-74.35,73.83,-46.65,5.40,-54.45,25.98,10.02,
01/01/2000,-426.27,150.88,294.43,-25.15,89.66,-60.20,-45.15,3.45,-57.00,26.13,10.02,
01/01/2000,800.78,-531.25,-2000.00,19.27,34.59,-5.89,-51.15,12.15,-54.15,26.03,10.02,
01/01/2000,85.94,-96.19,-812.50,-32.66,-68.34,0.21,-51.75,12.75,-54.00,25.98,10.02,
01/01/2000,101.56,-116.21,-858.40,-7.93,-8.22,-4.31,-49.80,10.50,-54.15,26.27,10.02,
01/01/2000,113.77,-195.80,-991.70,-14.24,-18.21,-13.20,-51.60,12.45,-53.85,26.03,10.02,
01/01/2000,152.34,-117.68,-960.45,-13.06,-18.60,1.00,-50.25,11.55,-56.55,25.65,10.02,
01/01/2000,114.26,-114.75,-966.31,-5.42,4.38,-0.27,-50.40,11.40,-54.15,25.94,10.02,
01/01/2000,102.05,-104.98,-957.52,-1.48,2.18,1.65,-49.80,10.50,-56.10,25.94,10.02,
01/01/2000,142.09,-105.47,-976.07,-1.87,1.15,1.63,-48.75,11.55,-55.80,25.98,10.02,
01/01/2000,139.65,-104.49,-974.12,-1.08,-2.90,-1.02,-50.10,10.20,-53.85,25.79,10.02,
01/01/2000,141.60,-109.86,-965.33,-0.21,1.85,-0.40,-48.30,11.70,-54.90,25.98,10.02,
01/01/2000,142.09,-114.26,-979.98,2.04,-0.56,2.38,-49.05,10.20,-54.90,25.84,10.02,
01/01/2000,145.51,-127.44,-959.47,0.37,2.45,-0.32,-50.25,11.10,-54.45,25.98,10.02,
01/01/2000,128.42,-107.91,-965.33,-2.00,-1.73,0.82,-50.40,11.40,-55.35,25.98,10.02,
01/01/2000,117.68,-84.47,-950.68,-2.67,-0.55,-2.48,-49.50,10.05,-54.45,25.65,10.02,
01/01/2000,140.14,-103.03,-965.33,-1.73,-2.50,-4.08,-49.80,9.75,-54.15,26.03,10.02,
01/01/2000,134.77,-101.56,-964.36,-3.29,-3.47,-1.47,-48.75,11.55,-56.25,25.79,10.02,
01/01/2000,125.98,-108.40,-958.01,0.86,-2.07,0.36,-49.95,10.80,-55.50,25.94,10.02,
01/01/2000,149.41,-119.14,-980.96,-1.61,-3.66,1.54,-49.80,11.70,-55.65,25.98,10.02,
01/01/2000,136.72,-94.24,-975.59,0.89,-2.95,2.76,-50.25,11.10,-54.45,26.18,10.02,
01/01/2000,146.48,-98.14,-967.77,0.32,-1.82,-0.13,-50.70,11.85,-55.80,25.84,10.02,
01/01/2000,134.28,-95.70,-966.80,-1.98,0.02,1.56,-49.35,10.50,-55.65,25.98,10.02,
01/01/2000,141.11,-84.47,-990.23,-3.01,-6.47,-0.78,-50.40,11.70,-55.35,25.94,10.02,
01/01/2000,150.88,-99.12,-981.45,-0.75,-1.33,-1.53,-51.60,9.75,-54.60,25.84,10.02,
01/01/2000,124.02,-95.70,-942.87,-2.19,0.49,-0.63,-49.95,10.35,-54.75,26.03,10.02,
01/01/2000,128.42,-72.27,-948.73,2.01,-2.77,3.04,-49.50,11.55,-54.45,25.94,10.02,
01/01/2000,122.56,-104.00,-984.86,-1.72,-24.90,9.41,-49.35,11.40,-54.90,26.18,10.02,
01/01/2000,7.32,-166.50,-806.64,3.03,-5.56,47.60,-46.35,12.15,-56.40,25.94,10.02,
01/01/2000,142.09,-40.53,-977.05,-2.31,-6.03,7.73,-47.70,10.35,-55.50,25.98,10.02,
01/01/2000,91.31,-104.98,-1006.84,-7.74,5.02,-1.48,-48.60,12.90,-56.85,25.84,10.02,
01/01/2000,54.20,-126.46,-984.38,1.95,-26.96,7.73,-48.00,10.35,-56.25,25.98,10.02,
01/01/2000,99.61,-54.69,-998.54,-2.00,1.37,5.45,-47.70,11.85,-56.25,26.03,10.02,
01/01/2000,127.44,-39.55,-1017.09,-3.07,-1.83,4.95,-48.45,10.35,-57.00,25.84,10.02,
01/01/2000,43.95,-93.75,-1036.13,-0.11,-12.66,3.09,-47.10,10.20,-56.40,26.13,10.02,
01/01/2000,12.70,-62.50,-1032.71,-0.39,-20.88,7.47,-46.80,9.75,-57.45,25.84,10.02,
01/01/2000,-17.09,-53.22,-1017.09,-3.31,-22.03,-1.05,-44.85,7.50,-58.20,25.98,10.02,
01/01/2000,-10.25,-40.04,-975.59,-2.38,-12.74,2.51,-44.40,7.65,-58.80,25.94,10.02,
01/01/2000,-45.41,-34.18,-946.78,-2.05,-14.08,7.60,-43.05,7.05,-58.65,25.84,10.02,
01/01/2000,-34.18,-4.39,-940.43,-3.42,-9.05,7.00,-43.20,7.20,-58.50,26.03,10.02,
01/01/2000,-173.34,-31.74,-934.08,0.67,-28.24,-2.34,-39.00,7.05,-58.20,25.98,10.02,
01/01/2000,-171.88,-75.68,-941.89,-7.23,-7.36,-5.45,-38.85,8.10,-58.80,25.98,10.02,
01/01/2000,-197.27,12.21,-895.02,8.29,-39.81,2.12,-36.45,6.75,-58.65,25.98,10.02,
01/01/2000,-348.14,-93.75,-875.00,19.37,-111.83,-0.46,-32.70,7.05,-58.20,25.98,10.02,
01/01/2000,-486.82,-152.34,-823.24,9.48,-137.27,19.74,-29.70,5.10,-55.65,25.79,10.02,
01/01/2000,-527.83,-9.77,-687.50,-24.27,-66.57,19.23,-22.20,6.45,-54.00,25.98,10.02,
01/01/2000,-659.18,-63.96,-798.83,-0.85,-3.46,-3.27,-21.45,7.20,-53.25,25.98,10.02,
01/01/2000,-696.78,-26.86,-778.81,13.02,-14.61,3.00,-19.50,7.20,-51.45,26.13,10.02,
01/01/2000,-712.89,-13.67,-704.59,2.43,22.52,-3.15,-19.35,8.25,-50.55,25.94,10.02,
01/01/2000,-700.68,-60.06,-690.92,-3.02,-9.65,-4.92,-19.05,7.80,-52.35,25.94,10.02,
01/01/2000,-760.25,-36.13,-655.76,-0.83,-7.20,-5.88,-17.85,8.25,-51.30,26.18,10.02,
01/01/2000,-767.09,5.86,-608.89,0.79,8.12,-6.07,-17.55,8.25,-49.05,25.94,10.02,
01/01/2000,-698.24,-23.93,-729.00,3.95,39.40,-12.15,-18.45,6.45,-51.90,26.13,10.02,
01/01/2000,-709.96,-22.46,-726.07,8.21,8.39,-0.87,-19.05,7.50,-51.60,25.84,10.02,
01/01/2000,-693.36,-70.31,-718.75,0.57,-7.83,-6.14,-19.35,6.75,-52.05,25.94,10.02,
01/01/2000,-698.24,-88.87,-697.27,4.32,-6.17,-2.24,-21.15,6.30,-50.25,25.98,10.02,
01/01/2000,-699.22,-55.18,-687.01,4.47,-0.39,-5.95,-19.50,6.15,-51.15,25.94,10.02,
01/01/2000,-728.03,-106.45,-677.25,-0.57,13.13,-10.15,-20.85,5.55,-51.30,25.98,10.02,
01/01/2000,-735.35,-125.49,-599.12,4.24,16.37,-5.86,-21.45,6.15,-51.15,25.98,10.02,
01/01/2000,-635.74,-134.77,-842.77,21.38,44.65,-2.06,-21.15,5.85,-49.50,26.03,10.02,
01/01/2000,-741.70,-284.67,-745.12,-27.62,-55.56,16.96,-20.55,5.85,-52.35,25.74,10.02,
01/01/2000,-1008.79,63.48,-521.97,-30.95,19.31,39.85,-18.60,7.50,-50.25,25.94,10.02,
01/01/2000,-504.88,27.34,-716.31,-10.41,250.13,-60.92,-22.65,9.00,-55.65,25.79,10.02,
01/01/2000,-361.82,41.02,-674.80,-4.19,33.88,6.51,-30.60,8.10,-56.55,26.13,10.02,
01/01/2000,-437.01,-53.71,-1049.32,4.23,89.99,-10.73,-30.30,8.40,-58.05,26.03,10.02,
01/01/2000,-181.15,-68.85,-920.41,-6.31,45.56,-16.06,-33.75,8.70,-58.20,25.84,10.02,
01/01/2000,-131.84,-35.16,-877.93,-15.89,16.60,-14.00,-36.45,7.05,-59.40,26.13,10.02,
01/01/2000,-105.96,-10.25,-729.49,-7.48,-15.19,-13.19,-37.95,6.75,-59.70,25.84,10.02,
01/01/2000,-145.02,5.86,-983.40,-9.24,-25.63,-14.53,-37.35,8.85,-58.50,26.18,10.02,
01/01/2000,-227.54,30.27,-798.34,1.44,-0.95,-3.81,-36.00,7.05,-60.45,25.94,10.02,
01/01/2000,-158.69,-57.62,-1081.54,-3.11,7.82,4.66,-35.70,8.25,-59.70,26.13,10.02,
01/01/2000,-103.03,-52.73,-1134.77,16.15,14.17,-4.69,-37.50,6.75,-58.20,26.03,10.02,
01/01/2000,-61.52,-21.00,-1061.04,8.70,32.87,-5.39,-39.00,5.85,-59.40,25.98,10.02,
01/01/2000,-45.90,-30.76,-1088.38,-9.68,1.12,6.05,-39.30,8.70,-58.95,25.98,10.02,
01/01/2000,-135.25,-75.68,-1109.38,-0.32,-4.02,-0.61,-41.10,7.20,-57.75,26.03,10.02,
01/01/2000,-112.79,-66.41,-989.26,1.70,-2.44,-4.57,-40.80,7.05,-58.65,25.98,10.02,
01/01/2000,-175.78,-69.34,-1049.32,-5.34,-8.39,3.44,-39.90,6.90,-59.55,25.94,10.02,
01/01/2000,-136.72,-17.58,-982.91,6.88,-1.89,7.32,-39.60,6.90,-59.55,25.94,10.02,
01/01/2000,-131.35,4.88,-988.77,0.56,-2.71,4.76,-39.00,7.50,-58.20,25.98,10.02,
01/01/2000,-156.74,-2.93,-945.80,-5.10,-5.07,-0.53,-39.60,6.45,-59.85,25.94,10.02,
01/01/2000,-119.14,26.37,-890.62,0.50,-0.06,1.49,-38.85,7.65,-59.10,25.74,10.02,
01/01/2000,-85.94,-16.11,-961.43,4.60,6.40,0.21,-39.15,8.10,-60.30,26.18,10.02,
01/01/2000,-130.37,-15.62,-885.74,-1.45,-0.90,1.32,-39.90,8.85,-59.55,25.94,10.02,
01/01/2000,-169.43,10.25,-900.88,7.33,1.42,-4.23,-39.60,7.65,-57.75,25.98,10.02,
01/01/2000,-281.74,34.67,-868.16,-4.41,8.25,-0.03,-40.05,7.05,-59.40,25.98,10.02,
01/01/2000,-131.84,-17.58,-1115.23,-5.87,10.50,2.15,-40.80,8.70,-60.00,25.98,10.02,
01/01/2000,-45.90,20.02,-834.47,-3.06,8.85,1.83,-40.80,9.45,-60.00,25.94,10.02,
01/01/2000,-144.53,6.84,-1040.04,-5.89,16.08,0.55,-42.15,8.40,-60.30,25.74,10.02,
01/01/2000,-98.14,-9.28,-961.43,-4.50,0.64,-2.71,-41.70,8.10,-58.05,26.32,10.02,
01/01/2000,9.77,60.55,-536.62,-15.56,-33.02,-4.39,-42.15,8.85,-58.80,25.74,10.02,
01/01/2000,366.21,-72.75,-134.28,-94.33,242.17,-6.89,-33.30,14.25,-61.05,25.94,10.02,
01/01/2000,-219.24,-65.43,-753.91,5.87,162.83,-2.31,-41.70,10.35,-59.55,25.98,10.02,
01/01/2000,-438.96,-172.85,-871.09,59.99,-208.24,11.86,-31.05,9.15,-57.00,25.84,10.02,
01/01/2000,-532.71,-13.67,-916.99,-9.11,164.24,-5.79,-29.70,8.70,-55.65,26.03,10.02,
01/01/2000,-203.61,-71.78,-1094.24,6.76,-80.42,8.24,-41.40,9.15,-58.50,26.03,10.02,
01/01/2000,-273.44,-103.03,-1003.91,-7.37,4.66,-3.31,-38.85,8.10,-58.80,26.13,10.02,
01/01/2000,-234.38,-96.68,-972.17,9.44,11.89,-6.41,-39.75,9.75,-58.65,25.79,10.02,
01/01/2000,-227.05,-166.99,-880.37,-5.45,-9.59,-6.49,-37.50,7.80,-57.45,25.94,10.02,
01/01/2000,-233.40,-118.16,-927.73,7.77,-8.34,2.28,-38.25,7.50,-57.15,26.18,10.02,
01/01/2000,-274.41,-98.63,-950.68,3.11,-11.90,-1.83,-37.50,7.50,-56.85,26.13,10.02,
01/01/2000,-353.52,-187.99,-921.88,10.43,-11.79,0.30,-36.90,6.90,-57.75,26.03,10.02,
01/01/2000,-306.15,-225.59,-892.58,26.37,-6.27,1.02,-36.15,6.45,-57.00,25.94,10.02,
01/01/2000,-335.94,-182.62,-885.74,1.18,-19.20,-0.52,-36.60,3.75,-57.30,25.98,10.02,
01/01/2000,-336.43,-216.31,-890.14,-11.28,7.37,15.23,-35.70,5.10,-56.85,25.94,10.02,
01/01/2000,-312.50,-82.52,-984.38,-164.86,-177.77,11.49,-32.85,8.40,-58.80,26.18,10.02,
01/01/2000,-525.88,-66.89,-659.67,-1.20,-96.30,5.89,-27.30,10.80,-58.05,25.98,10.02,
01/01/2000,-764.16,62.50,-722.17,-6.76,-82.74,14.62,-19.80,10.95,-54.90,25.98,10.02,
01/01/2000,-712.40,35.64,-572.27,3.96,-3.44,-10.85,-19.50,11.55,-55.20,25.94,10.02,
01/01/2000,-572.27,-27.83,-555.66,10.86,70.31,-25.23,-21.60,9.75,-53.85,25.98,10.02,
01/01/2000,-738.77,-92.29,-683.11,8.63,-39.63,2.19,-21.45,8.40,-53.25,25.98,10.02,
01/01/2000,-741.70,-72.27,-675.29,30.17,25.24,-31.95,-21.45,6.90,-53.70,26.03,10.02,
01/01/2000,-748.54,-108.40,-641.60,16.86,-4.48,-23.01,-19.80,5.10,-53.85,26.18,10.02,
01/01/2000,-582.03,-43.95,-607.91,28.05,14.40,-22.05,-19.20,3.00,-51.45,25.98,10.02,
01/01/2000,-566.89,-0.49,-685.06,23.51,24.70,-7.49,-21.00,3.45,-51.45,25.84,10.02,
01/01/2000,-555.66,-0.49,-647.95,24.65,33.30,7.36,-23.85,0.45,-50.25,26.03,10.02,
01/01/2000,-651.86,-52.25,-702.64,17.26,26.96,16.51,-23.70,0.75,-51.90,25.94,10.02,
01/01/2000,-703.61,-198.24,-868.16,8.99,27.76,0.37,-24.30,1.05,-51.15,25.98,10.02,
01/01/2000,-628.91,-197.75,-924.32,9.78,94.78,-2.24,-27.90,1.35,-51.60,26.13,10.02,
01/01/2000,-460.45,-211.91,-956.54,-11.24,66.21,-6.35,-31.35,1.80,-54.00,25.94,10.02,
01/01/2000,-634.77,-137.70,-988.77,-19.17,26.03,-26.30,-32.85,1.50,-55.80,25.50,10.02,
01/01/2000,-319.82,-73.24,-1125.49,-25.51,39.37,-20.78,-36.60,4.50,-56.55,25.98,10.02,
01/01/2000,-229.00,75.68,-1162.60,-9.84,-52.42,-4.20,-38.40,5.40,-57.75,25.94,10.02,
01/01/2000,-156.74,214.84,-818.36,-9.85,-26.53,-6.69,-35.85,5.70,-58.50,25.84,10.02,
01/01/2000,-269.53,145.02,-807.13,15.53,-16.27,-29.90,-36.75,6.75,-57.15,25.98,10.02,
01/01/2000,-370.61,18.55,-941.41,55.02,24.76,-8.60,-34.80,6.15,-58.05,25.98,10.02,
01/01/2000,-532.71,-196.29,-808.11,-33.64,-11.73,-82.81,-37.20,4.80,-56.40,25.98,10.02,
01/01/2000,-606.93,-146.97,-923.34,-23.52,-114.98,-75.11,-40.80,7.05,-58.65,26.18,10.02,
01/01/2000,-378.91,-62.99,-913.57,-13.66,75.79,24.39,-39.90,6.15,-59.10,25.79,10.02,
01/01/2000,-358.40,-58.59,-906.25,7.32,-31.53,-0.92,-39.90,6.45,-58.05,25.94,10.02,
01/01/2000,-356.93,-54.69,-923.34,-6.69,8.92,-4.08,-41.10,6.45,-58.80,25.94,10.02,
01/01/2000,-371.09,-72.27,-909.18,-1.98,2.63,4.92,-39.60,6.45,-58.50,25.84,10.02,
01/01/2000,-356.45,-66.89,-931.64,1.78,-8.08,-0.15,-40.50,6.75,-59.40,25.94,10.02,
01/01/2000,-352.05,-66.41,-913.57,-0.40,-1.11,2.18,-41.55,7.50,-57.45,25.79,10.02,
01/01/2000,-371.58,-72.27,-922.36,-0.70,0.13,1.67,-40.50,7.05,-57.45,25.98,10.02,
01/01/2000,-375.49,-64.94,-913.09,2.63,-4.51,-0.65,-40.65,5.40,-58.80,25.79,10.02,
01/01/2000,-353.52,-64.94,-915.53,-2.24,-1.78,-1.14,-39.60,6.90,-59.85,25.98,10.02,
01/01/2000,-373.54,-62.01,-924.80,-3.08,0.18,0.57,-39.90,7.20,-57.00,25.94,10.02,
01/01/2000,-373.54,-63.96,-910.16,-3.86,-4.27,-1.13,-41.25,7.50,-58.20,25.79,10.02,
01/01/2000,-353.03,-52.73,-908.20,-3.19,-3.36,-1.56,-39.90,6.90,-59.10,25.94,10.02,
01/01/2000,-352.54,-60.55,-915.53,-1.21,-4.36,-0.84,-40.35,7.20,-57.75,25.94,10.02,
01/01/2000,-370.12,-51.76,-906.74,-0.43,0.00,2.53,-39.15,6.15,-58.50,25.84,10.02,
01/01/2000,-372.56,-48.83,-918.95,2.25,-5.08,0.66,-40.35,7.20,-58.05,26.18,10.02,
01/01/2000,-372.56,-37.60,-920.41,0.60,2.01,1.98,-41.40,6.15,-57.75,25.79,10.02,
01/01/2000,-369.14,-64.94,-916.02,-1.00,-5.06,1.73,-40.65,7.20,-58.80,25.74,10.02,
01/01/2000,-364.75,-51.27,-908.69,0.34,-4.85,3.39,-41.10,6.90,-58.80,25.60,10.02,
01/01/2000,-368.65,-69.34,-914.55,1.56,-2.70,1.66,-40.65,7.20,-57.75,25.84,10.02,
01/01/2000,-375.98,-58.59,-912.11,-1.72,2.05,-0.76,-39.60,6.90,-59.10,25.74,10.02,
01/01/2000,-361.33,-69.34,-918.46,-0.23,1.62,-2.47,-39.75,5.55,-58.65,26.03,10.02,
01/01/2000,-371.09,-64.94,-906.25,-1.52,0.95,-2.69,-40.05,5.85,-59.40,25.94,10.02,
01/01/2000,-373.54,-51.76,-903.81,-1.17,-3.24,-6.22,-41.25,6.30,-58.65,25.94,10.02,
01/01/2000,-385.25,-61.04,-919.43,1.04,2.63,1.85,-41.25,7.05,-58.65,25.79,10.02,
01/01/2000,-370.61,-65.92,-908.20,-0.89,-0.45,-1.64,-39.90,5.40,-57.00,25.98,10.02,
01/01/2000,-362.79,-60.06,-906.74,-0.33,-1.53,1.70,-41.40,6.15,-58.80,25.98,10.02,
01/01/2000,-375.49,-50.78,-905.76,1.31,0.03,-2.80,-40.80,7.50,-58.65,25.79,10.02,
01/01/2000,-380.86,-68.85,-912.60,1.83,-9.74,0.11,-40.50,5.85,-57.45,26.32,10.02,
01/01/2000,-363.77,-80.08,-914.55,-0.29,-0.34,-2.58,-39.90,6.45,-58.50,25.98,10.02,
01/01/2000,-383.79,-75.68,-924.32,-1.69,2.85,-1.40,-38.85,6.15,-57.75,26.03,10.02,
01/01/2000,-384.77,-69.34,-910.16,1.98,-1.69,-1.21,-39.90,6.90,-58.05,25.79,10.02,
01/01/2000,-363.77,-79.59,-913.09,-0.03,-0.47,-4.07,-39.00,5.55,-58.65,26.03,10.02,
01/01/2000,-370.12,-76.17,-916.99,-1.34,-1.51,0.18,-40.50,6.75,-59.70,25.98,10.02,
01/01/2000,-372.56,-71.29,-914.55,-0.69,-3.37,0.63,-41.25,6.30,-57.90,25.94,10.02,
01/01/2000,-374.02,-87.40,-897.95,-0.50,-2.30,0.94,-40.50,5.85,-57.90,25.79,10.02,
01/01/2000,-376.46,-69.82,-912.60,1.10,-1.73,1.74,-39.30,6.30,-58.95,25.60,10.02,
01/01/2000,-376.46,-80.57,-910.64,1.24,-1.89,1.89,-40.50,7.50,-58.65,25.98,10.02,
01/01/2000,-371.58,-74.71,-904.30,-0.92,-1.27,1.05,-41.40,5.70,-58.50,25.79,10.02,
01/01/2000,-372.56,-56.15,-909.67,-2.06,0.71,-1.71,-40.35,5.70,-58.50,25.98,10.02,
01/01/2000,-381.84,-88.38,-914.06,-3.16,-2.70,-1.79,-40.50,5.55,-57.90,25.94,10.02,
01/01/2000,-372.07,-74.71,-911.62,-1.09,-0.27,-1.08,-41.25,5.55,-57.90,25.98,10.02,
01/01/2000,-370.12,-76.17,-910.64,-1.91,-0.70,-0.34,-40.05,5.55,-57.90,25.65,10.02,
01/01/2000,-366.21,-74.71,-916.99,-0.30,1.19,-0.04,-40.35,6.45,-58.05,25.84,10.02,
01/01/2000,-379.39,-74.71,-910.16,0.98,-2.93,0.16,-40.65,6.15,-58.80,26.27,10.02,
01/01/2000,-380.37,-57.13,-914.55,0.56,-2.48,0.21,-39.60,7.20,-59.55,25.50,10.02,
01/01/2000,-375.98,-67.38,-916.99,2.02,-2.54,0.79,-39.60,6.15,-58.50,25.94,10.02,
01/01/2000,-377.44,-63.48,-911.13,0.18,-3.02,-0.29,-40.65,5.70,-59.10,25.94,10.02,
01/01/2000,-375.49,-71.78,-910.64,-0.34,-1.24,-1.68,-41.25,5.85,-57.45,25.79,10.02,
01/01/2000,-362.79,-74.22,-908.69,-3.28,-0.02,-0.49,-40.05,7.50,-58.20,25.94,10.02,
01/01/2000,-370.12,-74.22,-916.02,-1.04,0.21,-1.89,-40.50,6.30,-58.65,25.94,10.02,
01/01/2000,-374.02,-73.24,-912.60,-2.02,-1.44,-1.52,-40.65,5.40,-58.50,25.84,10.02,
01/01/2000,-365.23,-76.17,-906.74,-0.35,-1.58,0.34,-39.30,6.75,-57.90,25.65,10.02,
01/01/2000,-385.25,-74.22,-915.53,-0.67,-2.21,0.27,-40.05,7.05,-58.20,25.94,10.02,
01/01/2000,-375.00,-72.75,-908.20,0.53,-3.34,-1.92,-39.30,7.05,-58.65,25.84,10.02,
01/01/2000,-383.30,-86.91,-905.76,-0.83,0.86,-1.37,-39.30,6.75,-57.45,25.84,10.02,
01/01/2000,-381.84,-63.48,-903.81,-0.46,3.85,-0.79,-39.90,6.90,-58.80,26.03,10.02,
01/01/2000,-379.39,-73.24,-915.53,-0.21,-2.57,-0.74,-39.60,7.65,-57.75,25.84,10.02,
01/01/2000,-380.37,-76.17,-919.92,-2.08,-1.11,-0.91,-41.70,7.20,-57.00,25.74,10.02,
01/01/2000,-371.58,-78.12,-904.30,-1.48,0.60,-0.02,-40.50,6.75,-58.65,25.94,10.02,
01/01/2000,-370.12,-70.80,-907.23,-1.44,-0.20,-1.97,-40.35,5.40,-59.55,26.03,10.02,
01/01/2000,-375.00,-88.38,-911.62,-2.29,-2.44,-0.39,-40.65,4.95,-58.05,25.65,10.02,
01/01/2000,-374.51,-77.64,-912.60,-1.45,2.12,-2.50,-41.10,7.65,-58.50,25.94,10.02,
01/01/2000,-303.71,-38.09,-953.61,-29.46,98.26,31.65,-42.45,7.65,-57.75,25.79,10.02,
01/01/2000,-223.14,-19.53,-939.45,10.15,20.42,-6.91,-42.90,7.20,-59.55,25.94,10.02,
01/01/2000,-341.31,-23.44,-895.02,7.77,48.79,-30.08,-39.75,5.85,-58.20,25.84,10.02,
01/01/2000,-329.59,-55.18,-931.64,1.88,-9.56,4.00,-41.55,6.75,-58.20,25.84,10.02,
01/01/2000,-334.47,-54.69,-935.06,0.51,-2.89,6.21,-41.70,6.90,-58.50,25.98,10.02,
01/01/2000,-344.24,-60.06,-916.50,-0.76,-4.58,1.80,-41.10,5.70,-58.80,25.84,10.02,
